File Read
2.871363e-03

File Write
3.019717e-03

Total Run
1.611690e+01

Total Step
7.610035e+00
7.607947e+00
7.607577e+00
7.608450e+00
7.607273e+00
7.607252e+00
7.607051e+00
7.607711e+00
7.607223e+00
7.607270e+00

First Drift
1.426609e-04
8.711033e-05
8.723047e-05
8.732080e-05
8.796062e-05
8.720066e-05
8.731149e-05
8.732080e-05
8.751079e-05
8.728076e-05

Compute Force
7.609595e+00
7.607601e+00
7.607224e+00
7.608111e+00
7.606940e+00
7.606923e+00
7.606724e+00
7.607369e+00
7.606887e+00
7.606943e+00

Kick
1.345212e-04
1.335517e-04
1.339903e-04
1.328420e-04
1.331409e-04
1.305211e-04
1.295414e-04
1.313910e-04
1.292517e-04
1.307027e-04

Second Drift
9.453110e-05
9.493064e-05
8.968916e-05
9.468012e-05
8.869078e-05
8.856133e-05
8.933060e-05
8.924119e-05
9.027123e-05
8.742977e-05

--- Configuration ---
nsteps: 10
dt: 1.000000e-04
eps: 5.000000e-02
G: 1.000000e+00
mass: 1.000000e+00
energy_every: 10
energy_tol: 1.000000e-03
kernel_choice: b
kinetic0: 1.469728e+09
potential0: -2.934067e+09
max_relative_error: 4.354343e-08
PAPI Cycles
32597821123
32597565520
32597585938
32597611414
32597533466
32597562251
32597625544
32597750181
32597708835
32597806484

PAPI Instructions
31898512175
31898509207
31898509210
31898509211
31898509204
31898509208
31898509206
31898509209
31898509209
31898509206

PAPI L1 Misses
34273844
34259988
34262084
34255933
34267867
34254180
34259847
34266815
34265902
34264713

PAPI L2 Misses
376716
363768
361305
363393
360428
362371
359588
361800
360512
362849

PAPI Vectorial DP
0
0
0
0
0
0
0
0
0
0

File Read
3.207329e-03

File Write
4.240718e-03

Total Run
1.657277e+01

Total Step
7.812436e+00
7.806594e+00
7.803120e+00
7.802700e+00
7.801930e+00
7.802156e+00
7.806099e+00
7.814414e+00
7.813958e+00
7.814466e+00

First Drift
1.436006e-04
9.600166e-05
9.008031e-05
8.933991e-05
8.971058e-05
8.948985e-05
8.953083e-05
8.977018e-05
9.550992e-05
9.420142e-05

Compute Force
7.811989e+00
7.806242e+00
7.802760e+00
7.802347e+00
7.801590e+00
7.801818e+00
7.805740e+00
7.814050e+00
7.813608e+00
7.814113e+00

Kick
1.412211e-04
1.358008e-04
1.404323e-04
1.455713e-04
1.383619e-04
1.366511e-04
1.417007e-04
1.458721e-04
1.335014e-04
1.406511e-04

Second Drift
9.070151e-05
9.493157e-05
9.225123e-05
9.863079e-05
9.279046e-05
9.050127e-05
9.699911e-05
9.926036e-05
9.587035e-05
9.648129e-05

--- Configuration ---
nsteps: 10
dt: 1.000000e-04
eps: 5.000000e-02
G: 1.000000e+00
mass: 1.000000e+00
energy_every: 10
energy_tol: 1.000000e-03
kernel_choice: b
kinetic0: 1.469728e+09
potential0: -2.934067e+09
max_relative_error: 4.354343e-08
PAPI Cycles
32594218161
32594234058
32594067582
32593807272
32593937666
32594049184
32593878272
32593858388
32593655941
32593303760

PAPI Instructions
31898512382
31898509409
31898509406
31898509403
31898509401
31898509403
31898509407
31898509418
31898509417
31898509415

PAPI L1 Misses
34449557
34441426
34432520
34447317
34439203
34440615
34441357
34442448
34440113
34446999

PAPI L2 Misses
404318
397847
397180
399846
399891
401048
398632
400673
396802
398382

PAPI Vectorial DP
0
0
0
0
0
0
0
0
0
0

File Read
3.113167e-03

File Write
3.704813e-03

Total Run
1.654118e+01

Total Step
7.814468e+00
7.821172e+00
7.814614e+00
7.798443e+00
7.797644e+00
7.817416e+00
7.817234e+00
7.827874e+00
7.807750e+00
7.808622e+00

First Drift
1.618518e-04
9.062048e-05
8.890126e-05
9.122118e-05
9.187125e-05
9.027123e-05
9.295065e-05
8.939113e-05
9.438116e-05
8.931104e-05

Compute Force
7.813989e+00
7.820834e+00
7.814208e+00
7.798087e+00
7.797284e+00
7.817048e+00
7.816886e+00
7.827487e+00
7.807344e+00
7.808244e+00

Kick
1.381021e-04
1.335014e-04
1.636716e-04
1.339512e-04
1.483820e-04
1.523010e-04
1.330618e-04
1.433510e-04
1.780009e-04
1.530806e-04

Second Drift
1.036208e-04
8.793082e-05
1.022415e-04
1.071710e-04
9.824988e-05
1.000110e-04
9.321049e-05
1.234608e-04
1.006406e-04
1.080111e-04

--- Configuration ---
nsteps: 10
dt: 1.000000e-04
eps: 5.000000e-02
G: 1.000000e+00
mass: 1.000000e+00
energy_every: 10
energy_tol: 1.000000e-03
kernel_choice: b
kinetic0: 1.469728e+09
potential0: -2.934067e+09
max_relative_error: 4.354343e-08
PAPI Cycles
32597646115
32605858723
32602802672
32597886088
32596969975
32605039291
32599914907
32609583841
32600210869
32599361831

PAPI Instructions
31898510623
31898507666
31898507658
31898507550
31898507640
31898507658
31898507662
31898507676
31898507650
31898507585

PAPI L1 Misses
35544295
35536909
35523899
35527086
35527689
35528141
35529300
35537496
35535362
35536010

PAPI L2 Misses
418548
440042
439611
415430
413409
431286
433151
446131
409071
409803

PAPI Vectorial DP
0
0
0
0
0
0
0
0
0
0

