File Read
2.888984e-03

File Write
3.050805e-03

Total Run
1.612723e+01

Total Step
7.591864e+00
7.589704e+00
7.589582e+00
7.590075e+00
7.589357e+00
7.589465e+00
7.590067e+00
7.589820e+00
7.589398e+00
7.589422e+00

First Drift
1.454912e-04
8.689146e-05
8.764118e-05
8.758064e-05
9.122957e-05
8.702092e-05
8.760113e-05
8.737110e-05
8.731149e-05
8.786097e-05

Compute Force
7.591434e+00
7.589364e+00
7.589232e+00
7.589743e+00
7.589023e+00
7.589134e+00
7.589736e+00
7.589477e+00
7.589052e+00
7.589087e+00

Kick
1.338413e-04
1.337118e-04
1.310110e-04
1.315614e-04
1.319405e-04
1.310017e-04
1.335517e-04
1.337007e-04
1.321407e-04
1.320709e-04

Second Drift
9.413995e-05
8.800067e-05
8.777156e-05
8.953921e-05
8.902047e-05
8.942094e-05
8.784048e-05
8.916110e-05
9.687990e-05
9.266101e-05

--- Configuration ---
nsteps: 10
dt: 1.000000e-04
eps: 5.000000e-02
G: 1.000000e+00
mass: 1.000000e+00
energy_every: 10
energy_tol: 1.000000e-03
kernel_choice: b
kinetic0: 1.469728e+09
potential0: -2.934067e+09
max_relative_error: 4.354343e-08
PAPI Cycles
32534748008
32534506318
32534586227
32534730592
32534349975
32534543206
32534582842
32534904601
32534459906
32534666701

PAPI Instructions
29694611786
29694608821
29694608819
29694608820
29694608781
29694608819
29694608820
29694608819
29694608820
29694608817

PAPI L1 Misses
26370635
26348351
26353074
26351773
26349088
26344284
26357569
26359489
26348951
26359769

PAPI L2 Misses
790602
785981
788796
787694
786965
785261
786891
789247
784349
788366

PAPI Vectorial DP
0
0
0
0
0
0
0
0
0
0

File Read
2.881533e-03

File Write
3.655928e-03

Total Run
1.612549e+01

Total Step
7.591801e+00
7.589885e+00
7.590081e+00
7.589569e+00
7.589512e+00
7.589801e+00
7.590564e+00
7.589635e+00
7.589646e+00
7.589512e+00

First Drift
1.368215e-04
8.796062e-05
8.780137e-05
8.720066e-05
8.741114e-05
8.800067e-05
8.708145e-05
9.172130e-05
8.760020e-05
8.772127e-05

Compute Force
7.591386e+00
7.589548e+00
7.589724e+00
7.589242e+00
7.589182e+00
7.589465e+00
7.590229e+00
7.589287e+00
7.589305e+00
7.589178e+00

Kick
1.294408e-04
1.299409e-04
1.319414e-04
1.265416e-04
1.272112e-04
1.283111e-04
1.317011e-04
1.296103e-04
1.309002e-04
1.310715e-04

Second Drift
9.194110e-05
8.805003e-05
9.682123e-05
9.584054e-05
9.570178e-05
9.597093e-05
9.076111e-05
9.385031e-05
9.476114e-05
9.480119e-05

--- Configuration ---
nsteps: 10
dt: 1.000000e-04
eps: 5.000000e-02
G: 1.000000e+00
mass: 1.000000e+00
energy_every: 10
energy_tol: 1.000000e-03
kernel_choice: b
kinetic0: 1.469728e+09
potential0: -2.934067e+09
max_relative_error: 4.354343e-08
PAPI Cycles
32535110646
32534939049
32534890701
32534953411
32534670559
32534812162
32534830573
32534884236
32534675598
32534909976

PAPI Instructions
29694611789
29694608819
29694608820
29694608819
29694608817
29694608820
29694608821
29694608820
29694608818
29694608816

PAPI L1 Misses
25476280
25457112
25465227
25451285
25459291
25451940
25462538
25455826
25456271
25463660

PAPI L2 Misses
779624
772983
772119
773701
773889
771136
772167
770370
772710
771177

PAPI Vectorial DP
0
0
0
0
0
0
0
0
0
0

File Read
2.706443e-03

File Write
5.921681e-03

Total Run
1.610427e+01

Total Step
7.591966e+00
7.589827e+00
7.590045e+00
7.589293e+00
7.589606e+00
7.589391e+00
7.590326e+00
7.589504e+00
7.589733e+00
7.589601e+00

First Drift
1.413105e-04
8.701161e-05
9.148102e-05
8.711964e-05
8.876156e-05
9.112991e-05
8.714013e-05
8.747168e-05
8.758157e-05
8.727144e-05

Compute Force
7.591529e+00
7.589483e+00
7.589679e+00
7.588957e+00
7.589275e+00
7.589051e+00
7.589991e+00
7.589155e+00
7.589392e+00
7.589270e+00

Kick
1.397524e-04
1.318408e-04
1.344010e-04
1.317812e-04
1.323810e-04
1.330310e-04
1.354013e-04
1.377119e-04
1.332518e-04
1.327414e-04

Second Drift
9.047985e-05
9.397138e-05
9.602122e-05
1.006611e-04
9.412132e-05
9.256043e-05
8.878112e-05
9.035971e-05
8.979067e-05
8.798018e-05

--- Configuration ---
nsteps: 10
dt: 1.000000e-04
eps: 5.000000e-02
G: 1.000000e+00
mass: 1.000000e+00
energy_every: 10
energy_tol: 1.000000e-03
kernel_choice: b
kinetic0: 1.469728e+09
potential0: -2.934067e+09
max_relative_error: 4.354343e-08
PAPI Cycles
32535327735
32535183205
32535081566
32535293420
32535117901
32535173038
32535076943
32534917559
32535116416
32535089560

PAPI Instructions
29694611784
29694608820
29694608819
29694608819
29694608817
29694608816
29694608822
29694608818
29694608820
29694608818

PAPI L1 Misses
26506202
26493008
26478295
26486734
26483123
26482392
26465776
26470507
26471458
26462694

PAPI L2 Misses
769575
766098
767430
766508
763332
761301
764427
763430
763328
765685

PAPI Vectorial DP
0
0
0
0
0
0
0
0
0
0

File Read
2.909323e-03

File Write
3.703159e-03

Total Run
1.613650e+01

Total Step
7.592175e+00
7.590611e+00
7.589886e+00
7.589928e+00
7.590226e+00
7.590850e+00
7.590557e+00
7.590122e+00
7.589804e+00
7.590381e+00

First Drift
1.437617e-04
8.695107e-05
8.743163e-05
8.741952e-05
9.162072e-05
8.669030e-05
8.710008e-05
8.752104e-05
8.727983e-05
8.699112e-05

Compute Force
7.591746e+00
7.590264e+00
7.589524e+00
7.589595e+00
7.589881e+00
7.590512e+00
7.590219e+00
7.589776e+00
7.589465e+00
7.590047e+00

Kick
1.317207e-04
1.396919e-04
1.333505e-04
1.335116e-04
1.384420e-04
1.346916e-04
1.384513e-04
1.333216e-04
1.330115e-04
1.337612e-04

Second Drift
9.603146e-05
9.019114e-05
9.901170e-05
9.032059e-05
9.104051e-05
9.291060e-05
8.877087e-05
9.228010e-05
8.986052e-05
8.876063e-05

--- Configuration ---
nsteps: 10
dt: 1.000000e-04
eps: 5.000000e-02
G: 1.000000e+00
mass: 1.000000e+00
energy_every: 10
energy_tol: 1.000000e-03
kernel_choice: b
kinetic0: 1.469728e+09
potential0: -2.934067e+09
max_relative_error: 4.354343e-08
PAPI Cycles
32535521094
32535224268
32535301237
32535104763
32535250431
32535200481
32535559699
32535347622
32535365286
32535175715

PAPI Instructions
29694610035
29694607063
29694607060
29694607061
29694607059
29694607060
29694607064
29694607061
29694607063
29694607060

PAPI L1 Misses
26542782
26539605
26521310
26540163
26524944
26524601
26541262
26526009
26533932
26539425

PAPI L2 Misses
811985
805708
809575
806845
805506
805650
811018
807049
809912
809945

PAPI Vectorial DP
0
0
0
0
0
0
0
0
0
0

File Read
2.884124e-03

File Write
4.037435e-03

Total Run
1.611388e+01

Total Step
7.611729e+00
7.609935e+00
7.609344e+00
7.609237e+00
7.609334e+00
7.610328e+00
7.609239e+00
7.609266e+00
7.609200e+00
7.609557e+00

First Drift
1.412006e-04
9.147078e-05
8.731056e-05
8.673128e-05
8.745026e-05
8.707028e-05
8.700043e-05
8.693058e-05
8.758064e-05
8.716062e-05

Compute Force
7.611304e+00
7.609587e+00
7.608985e+00
7.608904e+00
7.608994e+00
7.609984e+00
7.608904e+00
7.608924e+00
7.608858e+00
7.609223e+00

Kick
1.345016e-04
1.346609e-04
1.331810e-04
1.328317e-04
1.334110e-04
1.410721e-04
1.311209e-04
1.322404e-04
1.330106e-04
1.336010e-04

Second Drift
9.404123e-05
9.144098e-05
8.770078e-05
9.082071e-05
9.551086e-05
9.115972e-05
9.430107e-05
9.022094e-05
9.218045e-05
9.067077e-05

--- Configuration ---
nsteps: 10
dt: 1.000000e-04
eps: 5.000000e-02
G: 1.000000e+00
mass: 1.000000e+00
energy_every: 10
energy_tol: 1.000000e-03
kernel_choice: b
kinetic0: 1.469728e+09
potential0: -2.934067e+09
max_relative_error: 4.354343e-08
PAPI Cycles
32618721802
32618347796
32618430222
32618363197
32618347409
32618366355
32618283747
32618184325
32618180498
32618469966

PAPI Instructions
29694611808
29694608838
29694608840
29694608837
29694608839
29694608842
29694608744
29694608840
29694608838
29694608839

PAPI L1 Misses
27752534
27715010
27732919
27714120
27735819
27713365
27727070
27728408
27725357
27736429

PAPI L2 Misses
801034
792865
793666
793576
793319
793973
792716
795991
792343
792640

PAPI Vectorial DP
0
0
0
0
0
0
0
0
0
0

