File Read
2.921646e-03

File Write
2.771835e-03

Total Run
1.612798e+01

Total Step
7.576059e+00
7.576122e+00
7.577171e+00
7.576629e+00
7.574938e+00
7.576324e+00
7.576446e+00
7.576529e+00
7.574731e+00
7.575936e+00

First Drift
1.400001e-04
8.753967e-05
8.755084e-05
8.726120e-05
8.724071e-05
8.774083e-05
8.728076e-05
8.768123e-05
8.763094e-05
8.728169e-05

Compute Force
7.575591e+00
7.575742e+00
7.576788e+00
7.576261e+00
7.574572e+00
7.575964e+00
7.576088e+00
7.576155e+00
7.574355e+00
7.575582e+00

Kick
1.355307e-04
1.311610e-04
1.300508e-04
1.310511e-04
1.298608e-04
1.320010e-04
1.301207e-04
1.318604e-04
1.312410e-04
1.295796e-04

Second Drift
1.290496e-04
1.263395e-04
1.242701e-04
1.265900e-04
1.258207e-04
1.207292e-04
1.231404e-04
1.255097e-04
1.295712e-04
1.188815e-04

--- Configuration ---
nsteps: 10
dt: 1.000000e-04
eps: 5.000000e-02
G: 1.000000e+00
mass: 1.000000e+00
energy_every: 10
energy_tol: 1.000000e-03
kernel_choice: b
kinetic0: 1.469728e+09
potential0: -2.934067e+09
max_relative_error: 4.354343e-08
PAPI Cycles
32450330739
32450022875
32450123199
32450002507
32450008729
32450155862
32450044889
32450145999
32450173654
32450113615

PAPI Instructions
27637715892
27637712906
27637712913
27637712908
27637712904
27637712905
27637712815
27637712910
27637712905
27637712906

PAPI L1 Misses
3793010445
3792945922
3792975716
3792976101
3792991082
3793021298
3792923695
3793013179
3792993241
3793014083

PAPI L2 Misses
127283
129711
132070
129142
130717
130654
130343
131954
131820
129098

PAPI Vectorial DP
0
0
0
0
0
0
0
0
0
0

File Read
2.980593e-03

File Write
3.827130e-03

Total Run
1.621205e+01

Total Step
7.619719e+00
7.656216e+00
7.580878e+00
7.624600e+00
7.655239e+00
7.658524e+00
7.658912e+00
7.600623e+00
7.579351e+00
7.581288e+00

First Drift
1.784610e-04
1.263311e-04
1.264010e-04
1.263218e-04
1.298310e-04
1.261113e-04
1.270706e-04
1.316015e-04
1.259809e-04
1.306217e-04

Compute Force
7.619155e+00
7.655770e+00
7.580419e+00
7.624115e+00
7.654791e+00
7.658084e+00
7.658472e+00
7.600174e+00
7.578907e+00
7.580837e+00

Kick
1.542112e-04
1.287814e-04
1.298217e-04
1.465809e-04
1.305211e-04
1.281109e-04
1.289323e-04
1.327312e-04
1.298413e-04
1.333710e-04

Second Drift
1.762817e-04
1.615612e-04
1.629610e-04
1.896815e-04
1.668409e-04
1.664106e-04
1.654811e-04
1.579709e-04
1.611607e-04
1.666211e-04

--- Configuration ---
nsteps: 10
dt: 1.000000e-04
eps: 5.000000e-02
G: 1.000000e+00
mass: 1.000000e+00
energy_every: 10
energy_tol: 1.000000e-03
kernel_choice: b
kinetic0: 1.469728e+09
potential0: -2.934067e+09
max_relative_error: 4.354343e-08
PAPI Cycles
32451729937
32452113549
32449963841
32451619468
32452482896
32452340616
32452124844
32450726520
32449839976
32449965142

PAPI Instructions
27637715936
27637712987
27637712911
27637712952
27637712984
27637712954
27637712983
27637712929
27637712909
27637712909

PAPI L1 Misses
3793083709
3793148875
3793114475
3793138379
3793134015
3793243421
3793125204
3792981122
3792989453
3793069770

PAPI L2 Misses
141995
148793
134164
146411
150507
151648
153417
141622
132249
133649

PAPI Vectorial DP
0
0
0
0
0
0
0
0
0
0

File Read
2.934483e-03

File Write
4.198174e-03

Total Run
1.611428e+01

Total Step
7.578788e+00
7.575401e+00
7.576200e+00
7.577378e+00
7.576244e+00
7.575263e+00
7.577318e+00
7.577371e+00
7.576970e+00
7.576096e+00

First Drift
1.411708e-04
1.028208e-04
8.745119e-05
8.727983e-05
9.232946e-05
8.704979e-05
8.800067e-05
8.701999e-05
8.734129e-05
8.837134e-05

Compute Force
7.578341e+00
7.575011e+00
7.575824e+00
7.577009e+00
7.575873e+00
7.574908e+00
7.576959e+00
7.576989e+00
7.576599e+00
7.575731e+00

Kick
1.285896e-04
1.280298e-04
1.299214e-04
1.281612e-04
1.325104e-04
1.288112e-04
1.293113e-04
1.342809e-04
1.349309e-04
1.313109e-04

Second Drift
1.225006e-04
1.265109e-04
1.206910e-04
1.304410e-04
1.246016e-04
1.226701e-04
1.212815e-04
1.268908e-04
1.221206e-04
1.265313e-04

--- Configuration ---
nsteps: 10
dt: 1.000000e-04
eps: 5.000000e-02
G: 1.000000e+00
mass: 1.000000e+00
energy_every: 10
energy_tol: 1.000000e-03
kernel_choice: b
kinetic0: 1.469728e+09
potential0: -2.934067e+09
max_relative_error: 4.354343e-08
PAPI Cycles
32449861671
32449782017
32449689214
32449670274
32449647763
32449752646
32449681308
32449657069
32449631770
32449670583

PAPI Instructions
27637715888
27637712905
27637712904
27637712906
27637712904
27637712902
27637712908
27637712904
27637712905
27637712901

PAPI L1 Misses
3793568401
3793497788
3793498294
3793738227
3793580646
3793622962
3793590275
3793622375
3793604212
3793625425

PAPI L2 Misses
130207
134814
134768
136189
132745
133322
133618
134598
134272
134065

PAPI Vectorial DP
0
0
0
0
0
0
0
0
0
0

File Read
2.890902e-03

File Write
5.933736e-03

Total Run
1.611828e+01

Total Step
7.578028e+00
7.576307e+00
7.576307e+00
7.576781e+00
7.576693e+00
7.576784e+00
7.576136e+00
7.576556e+00
7.576812e+00
7.575870e+00

First Drift
1.433305e-04
8.704979e-05
8.706097e-05
8.718111e-05
8.766167e-05
8.727144e-05
9.802077e-05
8.700974e-05
8.734036e-05
8.719135e-05

Compute Force
7.577555e+00
7.575931e+00
7.575920e+00
7.576418e+00
7.576327e+00
7.576418e+00
7.575759e+00
7.576183e+00
7.576437e+00
7.575501e+00

Kick
1.291418e-04
1.305109e-04
1.322115e-04
1.319116e-04
1.353510e-04
1.301812e-04
1.299614e-04
1.316313e-04
1.292909e-04
1.299419e-04

Second Drift
1.337612e-04
1.289006e-04
1.268899e-04
1.254110e-04
1.248792e-04
1.291111e-04
1.287712e-04
1.248410e-04
1.281304e-04
1.280503e-04

--- Configuration ---
nsteps: 10
dt: 1.000000e-04
eps: 5.000000e-02
G: 1.000000e+00
mass: 1.000000e+00
energy_every: 10
energy_tol: 1.000000e-03
kernel_choice: b
kinetic0: 1.469728e+09
potential0: -2.934067e+09
max_relative_error: 4.354343e-08
PAPI Cycles
32449596083
32449466819
32449466045
32449492101
32449433622
32449410777
32449459933
32449474112
32449469096
32449337331

PAPI Instructions
27637715886
27637712896
27637712901
27637712897
27637712899
27637712899
27637712898
27637712900
27637712896
27637712899

PAPI L1 Misses
3793854691
3793869270
3793813895
3793743800
3793875884
3793897138
3793838642
3793827184
3793836540
3793815602

PAPI L2 Misses
129064
133168
131557
134127
134073
132878
133740
134023
132583
131839

PAPI Vectorial DP
0
0
0
0
0
0
0
0
0
0

File Read
2.691800e-03

File Write
3.835578e-03

Total Run
1.611073e+01

Total Step
7.575705e+00
7.576914e+00
7.578310e+00
7.578584e+00
7.579832e+00
7.576875e+00
7.582772e+00
7.581447e+00
7.577728e+00
7.577058e+00

First Drift
1.390111e-04
8.704048e-05
8.733105e-05
8.741114e-05
8.732919e-05
8.722022e-05
8.695107e-05
9.254087e-05
8.735154e-05
8.744095e-05

Compute Force
7.575261e+00
7.576533e+00
7.577926e+00
7.578223e+00
7.579463e+00
7.576507e+00
7.582414e+00
7.581064e+00
7.577358e+00
7.576694e+00

Kick
1.290208e-04
1.308713e-04
1.280010e-04
1.298012e-04
1.299307e-04
1.295507e-04
1.287013e-04
1.287311e-04
1.279209e-04
1.280103e-04

Second Drift
1.221010e-04
1.339018e-04
1.307810e-04
1.244815e-04
1.273295e-04
1.284517e-04
1.205206e-04
1.284415e-04
1.254603e-04
1.252005e-04

--- Configuration ---
nsteps: 10
dt: 1.000000e-04
eps: 5.000000e-02
G: 1.000000e+00
mass: 1.000000e+00
energy_every: 10
energy_tol: 1.000000e-03
kernel_choice: b
kinetic0: 1.469728e+09
potential0: -2.934067e+09
max_relative_error: 4.354343e-08
PAPI Cycles
32450402951
32450199702
32450238424
32450207477
32450185308
32450239035
32450029070
32450054905
32450188711
32450202403

PAPI Instructions
27637715880
27637712899
27637712903
27637712902
27637712807
27637712900
27637712905
27637712903
27637712899
27637712899

PAPI L1 Misses
3793022027
3792959656
3792943353
3792871932
3792901934
3792857404
3792909648
3792828107
3792984387
3792970440

PAPI L2 Misses
129973
137669
139021
140635
139446
137594
138876
135900
137493
139311

PAPI Vectorial DP
0
0
0
0
0
0
0
0
0
0

