File Read
2.613716e-03

File Write
3.880053e-03

Total Run
1.612649e+01

Total Step
7.652115e+00
7.649134e+00
7.648801e+00
7.649827e+00
7.649045e+00
7.649839e+00
7.649747e+00
7.652156e+00
7.656111e+00
7.655347e+00

First Drift
1.468901e-04
8.765142e-05
8.777063e-05
8.792058e-05
8.774176e-05
8.764025e-05
8.764025e-05
8.760951e-05
1.201611e-04
8.873083e-05

Compute Force
7.651631e+00
7.648750e+00
7.648407e+00
7.649446e+00
7.648669e+00
7.649464e+00
7.649370e+00
7.651722e+00
7.655663e+00
7.654946e+00

Kick
1.763906e-04
1.801206e-04
1.760013e-04
1.818519e-04
1.768414e-04
1.763310e-04
1.761504e-04
1.839809e-04
2.061613e-04
1.867609e-04

Second Drift
9.807944e-05
8.873083e-05
9.245146e-05
8.805096e-05
8.783955e-05
8.918066e-05
8.849148e-05
1.346618e-04
9.610970e-05
1.031710e-04

--- Configuration ---
nsteps: 10
dt: 1.000000e-04
eps: 5.000000e-02
G: 1.000000e+00
mass: 1.000000e+00
energy_every: 10
energy_tol: 1.000000e-03
kernel_choice: n
kinetic0: 1.469728e+09
potential0: -2.934067e+09
max_relative_error: 4.354343e-08
PAPI Cycles
32764158311
32756686969
32759794863
32762341570
32760168375
32760127240
32760540336
32757283402
32753500869
32759199256

PAPI Instructions
32504909435
32504908162
32504908165
32504908164
32504908163
32504908166
32504908161
32504908168
32504908172
32504908168

PAPI L1 Misses
3752826198
3752815426
3752817890
3752810509
3752821313
3752809866
3752804661
3752808813
3752818575
3752821045

PAPI L2 Misses
8257364
8862711
8385800
8334477
8373772
8453910
8371174
8351707
8210638
8234250

PAPI Vectorial DP
0
0
0
0
0
0
0
0
0
0

File Read
2.907057e-03

File Write
5.193971e-03

Total Run
1.610252e+01

Total Step
7.632986e+00
7.631124e+00
7.631050e+00
7.635697e+00
7.635165e+00
7.635876e+00
7.636190e+00
7.635799e+00
7.635512e+00
7.635325e+00

First Drift
1.424514e-04
8.744095e-05
8.812174e-05
8.776039e-05
8.787028e-05
8.799136e-05
8.763094e-05
8.817110e-05
8.792058e-05
8.777063e-05

Compute Force
7.632556e+00
7.630786e+00
7.630702e+00
7.635366e+00
7.634834e+00
7.635550e+00
7.635861e+00
7.635463e+00
7.635177e+00
7.634995e+00

Kick
1.329510e-04
1.335107e-04
1.315605e-04
1.320709e-04
1.310408e-04
1.318110e-04
1.339214e-04
1.313519e-04
1.336206e-04
1.364611e-04

Second Drift
8.811988e-05
8.908100e-05
8.906145e-05
8.803140e-05
8.856971e-05
8.687004e-05
8.813012e-05
8.921046e-05
8.776132e-05
8.768030e-05

--- Configuration ---
nsteps: 10
dt: 1.000000e-04
eps: 5.000000e-02
G: 1.000000e+00
mass: 1.000000e+00
energy_every: 10
energy_tol: 1.000000e-03
kernel_choice: n
kinetic0: 1.469728e+09
potential0: -2.934067e+09
max_relative_error: 4.354343e-08
PAPI Cycles
32684636821
32684206378
32681036307
32680423166
32681085430
32680993584
32681730161
32683995547
32681740937
32681784061

PAPI Instructions
32504909414
32504908147
32504908148
32504908149
32504908150
32504908151
32504908150
32504908150
32504908149
32504908150

PAPI L1 Misses
3752785055
3752781384
3752788197
3752827431
3752826600
3752851322
3752839994
3752843615
3752843822
3752832205

PAPI L2 Misses
9831415
9892893
9885128
9740931
9749744
9807292
9767631
9782568
9774555
9752804

PAPI Vectorial DP
0
0
0
0
0
0
0
0
0
0

File Read
2.722807e-03

File Write
3.416196e-03

Total Run
1.614981e+01

Total Step
7.633268e+00
7.630537e+00
7.630359e+00
7.629437e+00
7.629787e+00
7.629489e+00
7.629810e+00
7.629382e+00
7.630581e+00
7.629843e+00

First Drift
1.430111e-04
8.719042e-05
8.735154e-05
9.136088e-05
8.767098e-05
8.704048e-05
8.723140e-05
8.775108e-05
8.791033e-05
8.693058e-05

Compute Force
7.632823e+00
7.630203e+00
7.630012e+00
7.629106e+00
7.629447e+00
7.629154e+00
7.629483e+00
7.629043e+00
7.630239e+00
7.629511e+00

Kick
1.330310e-04
1.349915e-04
1.350716e-04
1.344010e-04
1.404621e-04
1.363512e-04
1.328606e-04
1.340620e-04
1.348509e-04
1.366008e-04

Second Drift
1.110407e-04
8.697063e-05
8.772127e-05
8.613057e-05
8.827168e-05
8.791126e-05
8.761045e-05
8.766074e-05
8.799229e-05
8.764956e-05

--- Configuration ---
nsteps: 10
dt: 1.000000e-04
eps: 5.000000e-02
G: 1.000000e+00
mass: 1.000000e+00
energy_every: 10
energy_tol: 1.000000e-03
kernel_choice: n
kinetic0: 1.469728e+09
potential0: -2.934067e+09
max_relative_error: 4.354343e-08
PAPI Cycles
32678003167
32677838769
32677777594
32675031371
32674256833
32674785777
32673980502
32674187046
32675759197
32674379266

PAPI Instructions
32504909418
32504908144
32504908145
32504908144
32504908142
32504908144
32504908147
32504908142
32504908145
32504908145

PAPI L1 Misses
3752807613
3752800590
3752798571
3752797113
3752798599
3752799235
3752794145
3752791746
3752797241
3752804751

PAPI L2 Misses
8418395
8212312
8202284
8131273
8223400
8222469
8334135
8432852
8132415
8056180

PAPI Vectorial DP
0
0
0
0
0
0
0
0
0
0

File Read
2.703159e-03

File Write
3.919231e-03

Total Run
1.611245e+01

Total Step
7.641698e+00
7.638005e+00
7.638710e+00
7.638255e+00
7.637539e+00
7.639204e+00
7.637469e+00
7.639007e+00
7.642012e+00
7.642179e+00

First Drift
1.541320e-04
8.770172e-05
8.801185e-05
8.753035e-05
8.792058e-05
8.791126e-05
8.800160e-05
8.760113e-05
8.757040e-05
8.757040e-05

Compute Force
7.641277e+00
7.637682e+00
7.638363e+00
7.637919e+00
7.637205e+00
7.638874e+00
7.637140e+00
7.638665e+00
7.641679e+00
7.641849e+00

Kick
1.336308e-04
1.235716e-04
1.339810e-04
1.333123e-04
1.360718e-04
1.312215e-04
1.318417e-04
1.348015e-04
1.299409e-04
1.308825e-04

Second Drift
8.622929e-05
8.775108e-05
8.771103e-05
9.470060e-05
8.720160e-05
8.841045e-05
8.693151e-05
8.752104e-05
8.740090e-05
8.811057e-05

--- Configuration ---
nsteps: 10
dt: 1.000000e-04
eps: 5.000000e-02
G: 1.000000e+00
mass: 1.000000e+00
energy_every: 10
energy_tol: 1.000000e-03
kernel_choice: n
kinetic0: 1.469728e+09
potential0: -2.934067e+09
max_relative_error: 4.354343e-08
PAPI Cycles
32705888742
32708772994
32709208553
32707075998
32707026059
32704369843
32704548472
32705495929
32704316846
32704368813

PAPI Instructions
32504909426
32504908154
32504908154
32504908151
32504908152
32504908154
32504908150
32504908155
32504908157
32504908154

PAPI L1 Misses
3752831261
3752813691
3752818309
3752815514
3752820726
3752800322
3752785697
3752795202
3752817630
3752806977

PAPI L2 Misses
8808123
8801781
8776349
8794319
8772449
8760657
8756737
8777054
8769030
8755111

PAPI Vectorial DP
0
0
0
0
0
0
0
0
0
0

File Read
2.737857e-03

File Write
4.173924e-03

Total Run
1.610061e+01

Total Step
7.632522e+00
7.630157e+00
7.630575e+00
7.636024e+00
7.634041e+00
7.635191e+00
7.635910e+00
7.637056e+00
7.635284e+00
7.635971e+00

First Drift
1.464309e-04
8.731056e-05
8.763094e-05
8.760113e-05
8.771103e-05
8.788146e-05
8.790102e-05
8.768030e-05
8.804072e-05
8.792151e-05

Compute Force
7.632092e+00
7.629822e+00
7.630220e+00
7.635688e+00
7.633703e+00
7.634863e+00
7.635587e+00
7.636721e+00
7.634950e+00
7.635648e+00

Kick
1.317207e-04
1.297612e-04
1.394916e-04
1.357114e-04
1.405021e-04
1.326716e-04
1.315912e-04
1.317821e-04
1.327405e-04
1.307009e-04

Second Drift
8.898135e-05
8.720160e-05
8.784048e-05
8.894037e-05
8.662138e-05
8.804165e-05
8.689053e-05
8.740090e-05
8.811150e-05
8.706097e-05

--- Configuration ---
nsteps: 10
dt: 1.000000e-04
eps: 5.000000e-02
G: 1.000000e+00
mass: 1.000000e+00
energy_every: 10
energy_tol: 1.000000e-03
kernel_choice: n
kinetic0: 1.469728e+09
potential0: -2.934067e+09
max_relative_error: 4.354343e-08
PAPI Cycles
32677393905
32674627147
32678001047
32677871902
32673576080
32677757270
32681203417
32681871609
32676450581
32678099918

PAPI Instructions
32504909416
32504908148
32504908143
32504908150
32504908148
32504908148
32504908151
32504908153
32504908149
32504908151

PAPI L1 Misses
3752819185
3752811443
3752808694
3752853912
3752843778
3752883821
3752885028
3752889900
3752886937
3752857153

PAPI L2 Misses
8811287
8606305
8936306
8991028
9095588
9136099
9103759
9026820
9123252
9047912

PAPI Vectorial DP
0
0
0
0
0
0
0
0
0
0

