File Read
5.962495e-04

File Write
1.530003e-03

Total Run
6.507356e-01

Total Step
7.418913e-01
7.426818e-01
7.414479e-01
7.419695e-01
7.426064e-01
7.415893e-01
7.422481e-01
7.419361e-01
7.422284e-01
7.420249e-01

First Drift
3.862102e-05
2.101064e-05
3.103074e-05
2.107024e-05
2.108980e-05
2.124999e-05
2.124999e-05
2.101995e-05
2.110004e-05
2.112053e-05

Compute Force
7.417448e-01
7.425621e-01
7.413340e-01
7.418691e-01
7.425080e-01
7.414884e-01
7.421491e-01
7.418135e-01
7.421213e-01
7.419195e-01

Kick
3.175996e-05
3.352109e-05
3.228057e-05
3.221072e-05
3.169011e-05
3.282074e-05
3.132969e-05
3.035087e-05
3.295951e-05
3.671087e-05

Second Drift
2.161041e-05
2.173055e-05
2.152938e-05
2.146978e-05
2.609100e-05
2.170075e-05
2.175104e-05
2.192147e-05
2.628099e-05
2.153032e-05

--- Configuration ---
nsteps: 10
dt: 1.000000e-04
eps: 5.000000e-02
G: 1.000000e+00
mass: 1.000000e+00
energy_every: 10
energy_tol: 1.000000e-03
kernel_choice: br
kinetic0: 5.875944e+07
potential0: -1.165828e+08
max_relative_error: 1.249641e-07
PAPI Cycles
3175236989
3179502051
3174886605
3177120899
3179628887
3174799474
3178440912
3176709517
3175687151
3176940368

PAPI Instructions
4173144243
4173142774
4173142770
4173142769
4173142773
4173142771
4173142772
4173142771
4173142773
4173142770

PAPI L1 Misses
1579547
1579859
1573906
1575160
1575456
1573529
1576251
1576498
1577746
1573047

PAPI L2 Misses
12844
12527
11705
12295
12233
12357
11915
12241
12359
11858

PAPI Vectorial DP
0
0
0
0
0
0
0
0
0
0

File Read
5.943887e-04

File Write
2.570447e-03

Total Run
6.538022e-01

Total Step
7.422935e-01
7.426541e-01
7.416298e-01
7.419838e-01
7.421676e-01
7.423638e-01
7.420251e-01
7.423845e-01
7.416697e-01
7.421109e-01

First Drift
4.749093e-05
2.129003e-05
2.138969e-05
2.142973e-05
2.121087e-05
2.129935e-05
2.123974e-05
2.124067e-05
2.135988e-05
2.139993e-05

Compute Force
7.421385e-01
7.425441e-01
7.415270e-01
7.418839e-01
7.420643e-01
7.422549e-01
7.419276e-01
7.422629e-01
7.415754e-01
7.420151e-01

Kick
3.172085e-05
3.215950e-05
3.281981e-05
3.193971e-05
3.256090e-05
3.174040e-05
3.302097e-05
3.223028e-05
3.160071e-05
3.230106e-05

Second Drift
2.186000e-05
2.210960e-05
2.219062e-05
2.196059e-05
2.223160e-05
2.213102e-05
2.180040e-05
2.217013e-05
2.191961e-05
2.202950e-05

--- Configuration ---
nsteps: 10
dt: 1.000000e-04
eps: 5.000000e-02
G: 1.000000e+00
mass: 1.000000e+00
energy_every: 10
energy_tol: 1.000000e-03
kernel_choice: br
kinetic0: 5.875944e+07
potential0: -1.165828e+08
max_relative_error: 1.249641e-07
PAPI Cycles
3177994662
3179919541
3176950418
3177487529
3176916152
3179139036
3176638502
3178120475
3175778739
3176026611

PAPI Instructions
4173144244
4173142774
4173142769
4173142771
4173142771
4173142771
4173142770
4173142773
4173142771
4173142771

PAPI L1 Misses
1431546
1434879
1432726
1433805
1435225
1434816
1435918
1436028
1435446
1440032

PAPI L2 Misses
13055
13680
13309
13747
14386
13381
13989
14218
13926
15670

PAPI Vectorial DP
0
0
0
0
0
0
0
0
0
0

File Read
6.065387e-04

File Write
1.847598e-03

Total Run
6.508212e-01

Total Step
7.425064e-01
7.426250e-01
7.428972e-01
7.434388e-01
7.414998e-01
7.430374e-01
7.425762e-01
7.425359e-01
7.427454e-01
7.431321e-01

First Drift
3.911089e-05
2.561975e-05
2.177991e-05
2.288073e-05
2.246164e-05
2.183020e-05
2.185069e-05
2.190005e-05
2.120994e-05
2.153963e-05

Compute Force
7.423619e-01
7.425082e-01
7.427834e-01
7.433312e-01
7.413983e-01
7.429327e-01
7.424641e-01
7.424163e-01
7.426469e-01
7.430292e-01

Kick
3.392063e-05
3.314111e-05
3.513135e-05
3.532972e-05
3.339071e-05
3.307126e-05
4.120078e-05
3.222004e-05
3.394950e-05
3.394950e-05

Second Drift
2.202019e-05
2.442021e-05
2.960023e-05
2.592057e-05
2.416968e-05
2.451986e-05
2.432987e-05
2.228003e-05
2.229027e-05
2.411101e-05

--- Configuration ---
nsteps: 10
dt: 1.000000e-04
eps: 5.000000e-02
G: 1.000000e+00
mass: 1.000000e+00
energy_every: 10
energy_tol: 1.000000e-03
kernel_choice: br
kinetic0: 5.875944e+07
potential0: -1.165828e+08
max_relative_error: 1.249641e-07
PAPI Cycles
3177998517
3178783658
3179641951
3181115468
3173108565
3180281344
3177556437
3176900368
3177316136
3179305275

PAPI Instructions
4173144243
4173142774
4173142771
4173142773
4173142771
4173142772
4173142770
4173142773
4173142775
4173142772

PAPI L1 Misses
1426855
1425503
1428004
1428705
1428814
1429656
1428529
1430118
1431300
1429961

PAPI L2 Misses
12031
12421
12905
13227
13307
13089
13704
13939
14554
13604

PAPI Vectorial DP
0
0
0
0
0
0
0
0
0
0

File Read
6.116088e-04

File Write
1.662515e-03

Total Run
6.535949e-01

Total Step
7.423451e-01
7.433807e-01
7.426165e-01
7.429387e-01
7.422293e-01
7.424428e-01
7.426198e-01
7.423244e-01
7.424696e-01
7.427645e-01

First Drift
4.088972e-05
2.150051e-05
2.131145e-05
2.167933e-05
2.153125e-05
2.127979e-05
2.193172e-05
2.173055e-05
2.183951e-05
2.156105e-05

Compute Force
7.421894e-01
7.432654e-01
7.425045e-01
7.428332e-01
7.421180e-01
7.423311e-01
7.425120e-01
7.422019e-01
7.423605e-01
7.426599e-01

Kick
3.932975e-05
3.361050e-05
4.064012e-05
3.439095e-05
3.350060e-05
3.498979e-05
3.517047e-05
3.523007e-05
3.913045e-05
3.385078e-05

Second Drift
2.351962e-05
2.291054e-05
2.338085e-05
2.279971e-05
2.236944e-05
2.533104e-05
2.248026e-05
2.386142e-05
2.313033e-05
2.296083e-05

--- Configuration ---
nsteps: 10
dt: 1.000000e-04
eps: 5.000000e-02
G: 1.000000e+00
mass: 1.000000e+00
energy_every: 10
energy_tol: 1.000000e-03
kernel_choice: br
kinetic0: 5.875944e+07
potential0: -1.165828e+08
max_relative_error: 1.249641e-07
PAPI Cycles
3176773770
3180476146
3178125560
3179227995
3177035106
3177978494
3178841573
3177139918
3178076534
3177743244

PAPI Instructions
4173144242
4173142784
4173142769
4173142771
4173142773
4173142772
4173142772
4173142774
4173142771
4173142771

PAPI L1 Misses
1484536
1487166
1486539
1487115
1486170
1485130
1485744
1488429
1488693
1485378

PAPI L2 Misses
15115
16075
15424
16035
16311
15503
15174
16375
15365
16361

PAPI Vectorial DP
0
0
0
0
0
0
0
0
0
0

File Read
6.134482e-04

File Write
2.074181e-03

Total Run
6.508864e-01

Total Step
7.420487e-01
7.425650e-01
7.425997e-01
7.423307e-01
7.424498e-01
7.426283e-01
7.427940e-01
7.426245e-01
7.418968e-01
7.419714e-01

First Drift
4.288089e-05
2.157968e-05
2.155919e-05
2.217945e-05
2.174079e-05
2.127048e-05
2.143066e-05
2.210960e-05
2.153963e-05
2.165139e-05

Compute Force
7.418942e-01
7.424505e-01
7.424945e-01
7.422230e-01
7.423449e-01
7.425221e-01
7.426902e-01
7.425026e-01
7.417878e-01
7.418681e-01

Kick
3.415067e-05
3.436115e-05
3.439095e-05
3.462937e-05
3.400166e-05
3.363099e-05
3.569108e-05
3.531110e-05
3.462005e-05
3.505964e-05

Second Drift
2.446026e-05
2.411008e-05
2.385024e-05
2.419017e-05
2.245978e-05
2.252031e-05
2.656039e-05
2.400018e-05
2.426002e-05
2.246071e-05

--- Configuration ---
nsteps: 10
dt: 1.000000e-04
eps: 5.000000e-02
G: 1.000000e+00
mass: 1.000000e+00
energy_every: 10
energy_tol: 1.000000e-03
kernel_choice: br
kinetic0: 5.875944e+07
potential0: -1.165828e+08
max_relative_error: 1.249641e-07
PAPI Cycles
3175726133
3177420132
3178728810
3177221976
3177372749
3177979313
3179634736
3177569619
3175840182
3175559435

PAPI Instructions
4173144243
4173142774
4173142771
4173142770
4173142771
4173142772
4173142770
4173142774
4173142770
4173142771

PAPI L1 Misses
1408474
1409191
1410743
1412104
1411862
1410913
1410871
1412371
1409474
1410657

PAPI L2 Misses
15320
16096
16649
16009
16536
16673
15830
16062
15307
16368

PAPI Vectorial DP
0
0
0
0
0
0
0
0
0
0

