File Read
2.931013e-03

File Write
2.939465e-03

Total Run
1.613310e+01

Total Step
4.104021e+00
4.102133e+00
4.102156e+00
4.102043e+00
4.102172e+00
4.102947e+00
4.102053e+00
4.102098e+00
4.102051e+00
4.102036e+00

First Drift
1.436109e-04
8.688960e-05
8.715130e-05
8.685142e-05
8.704048e-05
8.702092e-05
8.726120e-05
8.712150e-05
8.677039e-05
9.119045e-05

Compute Force
4.103588e+00
4.101797e+00
4.101808e+00
4.101711e+00
4.101841e+00
4.102603e+00
4.101719e+00
4.101767e+00
4.101722e+00
4.101700e+00

Kick
1.288410e-04
1.320709e-04
1.328010e-04
1.293411e-04
1.310511e-04
1.304122e-04
1.320709e-04
1.290608e-04
1.285812e-04
1.310911e-04

Second Drift
9.315088e-05
9.364076e-05
9.051058e-05
9.215064e-05
9.115133e-05
9.257160e-05
9.089988e-05
9.127147e-05
9.108149e-05
9.200070e-05

--- Configuration ---
nsteps: 10
dt: 1.000000e-04
eps: 5.000000e-02
G: 1.000000e+00
mass: 1.000000e+00
energy_every: 10
energy_tol: 1.000000e-03
kernel_choice: br
kinetic0: 1.469728e+09
potential0: -2.934067e+09
max_relative_error: 4.735181e-06
PAPI Cycles
17581717078
17581666616
17581830855
17581552205
17581323051
17581645378
17581372452
17581603089
17581639313
17581595751

PAPI Instructions
34771888266
34771885304
34771885303
34771885304
34771885304
34771885308
34771885302
34771885304
34771885302
34771885301

PAPI L1 Misses
29218525
29199708
29205767
29198754
29205903
29196369
29205629
29194412
29211930
29209529

PAPI L2 Misses
1017817
1009507
1009990
1010853
1008608
1009882
1009699
1007501
1008127
1006151

PAPI Vectorial DP
0
0
0
0
0
0
0
0
0
0

File Read
2.885102e-03

File Write
3.651749e-03

Total Run
1.610631e+01

Total Step
4.103980e+00
4.102146e+00
4.102308e+00
4.102250e+00
4.102716e+00
4.102263e+00
4.102239e+00
4.102243e+00
4.102164e+00
4.102096e+00

First Drift
1.410423e-04
8.746143e-05
8.698087e-05
8.733105e-05
8.710101e-05
8.743163e-05
8.713081e-05
8.719973e-05
8.737110e-05
8.701999e-05

Compute Force
4.103569e+00
4.101813e+00
4.101960e+00
4.101911e+00
4.102379e+00
4.101914e+00
4.101908e+00
4.101912e+00
4.101834e+00
4.101764e+00

Kick
1.321211e-04
1.319209e-04
1.316713e-04
1.374716e-04
1.317011e-04
1.382912e-04
1.318110e-04
1.330804e-04
1.320904e-04
1.329510e-04

Second Drift
8.869078e-05
9.239092e-05
9.017065e-05
8.996110e-05
9.322073e-05
8.961093e-05
9.324029e-05
9.078160e-05
8.703116e-05
8.807052e-05

--- Configuration ---
nsteps: 10
dt: 1.000000e-04
eps: 5.000000e-02
G: 1.000000e+00
mass: 1.000000e+00
energy_every: 10
energy_tol: 1.000000e-03
kernel_choice: br
kinetic0: 1.469728e+09
potential0: -2.934067e+09
max_relative_error: 4.735181e-06
PAPI Cycles
17581879954
17581733310
17581710857
17581909263
17581541716
17581538277
17581623814
17581952959
17581756808
17581824609

PAPI Instructions
34771888269
34771885302
34771885305
34771885302
34771885304
34771885304
34771885304
34771885304
34771885302
34771885304

PAPI L1 Misses
28252076
28223017
28233418
28226268
28228933
28232015
28230361
28227049
28233687
28228362

PAPI L2 Misses
1004796
997156
999161
996283
996112
997142
997373
997745
995047
999563

PAPI Vectorial DP
0
0
0
0
0
0
0
0
0
0

File Read
2.780545e-03

File Write
3.476029e-03

Total Run
1.611540e+01

Total Step
4.106784e+00
4.104949e+00
4.104927e+00
4.105427e+00
4.104754e+00
4.104882e+00
4.104627e+00
4.104937e+00
4.104864e+00
4.104940e+00

First Drift
1.860419e-04
1.377407e-04
1.373803e-04
1.334911e-04
1.338115e-04
1.340304e-04
1.381505e-04
1.332024e-04
1.337305e-04
1.323409e-04

Compute Force
4.106263e+00
4.104520e+00
4.104484e+00
4.104994e+00
4.104323e+00
4.104444e+00
4.104158e+00
4.104512e+00
4.104437e+00
4.104512e+00

Kick
1.311516e-04
1.315614e-04
1.299409e-04
1.359303e-04
1.303311e-04
1.311423e-04
1.332210e-04
1.326809e-04
1.319628e-04
1.306105e-04

Second Drift
1.394106e-04
1.366111e-04
1.369510e-04
1.391703e-04
1.431508e-04
1.396211e-04
1.748027e-04
1.376411e-04
1.380211e-04
1.382111e-04

--- Configuration ---
nsteps: 10
dt: 1.000000e-04
eps: 5.000000e-02
G: 1.000000e+00
mass: 1.000000e+00
energy_every: 10
energy_tol: 1.000000e-03
kernel_choice: br
kinetic0: 1.469728e+09
potential0: -2.934067e+09
max_relative_error: 4.735181e-06
PAPI Cycles
17593341611
17592915765
17593235484
17592941987
17592892063
17593230718
17593128856
17593292079
17592892353
17593553658

PAPI Instructions
34771888274
34771885304
34771885307
34771885305
34771885306
34771885306
34771885306
34771885305
34771885309
34771885304

PAPI L1 Misses
81789699
81782189
81784615
81770329
81783878
81795720
81762899
81778270
81799522
81764333

PAPI L2 Misses
1022774
1012407
1014180
1012738
1011617
1015677
1012109
1016030
1013728
1015411

PAPI Vectorial DP
0
0
0
0
0
0
0
0
0
0

File Read
2.844495e-03

File Write
1.361533e-02

Total Run
1.611682e+01

Total Step
4.103869e+00
4.102146e+00
4.102090e+00
4.102663e+00
4.101995e+00
4.102133e+00
4.102084e+00
4.102196e+00
4.102203e+00
4.102056e+00

First Drift
1.430521e-04
8.607097e-05
8.663069e-05
8.663069e-05
9.135064e-05
9.101070e-05
8.700974e-05
8.730125e-05
8.661952e-05
8.701067e-05

Compute Force
4.103426e+00
4.101815e+00
4.101739e+00
4.102335e+00
4.101659e+00
4.101780e+00
4.101745e+00
4.101865e+00
4.101870e+00
4.101725e+00

Kick
1.364611e-04
1.319004e-04
1.332518e-04
1.292005e-04
1.317915e-04
1.387410e-04
1.367107e-04
1.309607e-04
1.315214e-04
1.301216e-04

Second Drift
9.418093e-05
9.087101e-05
9.159185e-05
9.057112e-05
9.088032e-05
8.951034e-05
9.228103e-05
9.054039e-05
9.165984e-05
9.011105e-05

--- Configuration ---
nsteps: 10
dt: 1.000000e-04
eps: 5.000000e-02
G: 1.000000e+00
mass: 1.000000e+00
energy_every: 10
energy_tol: 1.000000e-03
kernel_choice: br
kinetic0: 1.469728e+09
potential0: -2.934067e+09
max_relative_error: 4.735181e-06
PAPI Cycles
17580583327
17580819429
17580979819
17580866437
17580759288
17580671999
17580727639
17580795628
17580699494
17580627830

PAPI Instructions
34771888270
34771885304
34771885303
34771885304
34771885303
34771885303
34771885212
34771885302
34771885304
34771885302

PAPI L1 Misses
28724636
28720673
28724265
28728210
28728068
28728697
28724142
28721554
28732494
28729998

PAPI L2 Misses
998049
992800
992726
990867
992474
993061
992167
994265
994352
990888

PAPI Vectorial DP
0
0
0
0
0
0
0
0
0
0

File Read
2.859395e-03

File Write
4.517668e-03

Total Run
1.611180e+01

Total Step
4.109450e+00
4.107572e+00
4.108017e+00
4.107444e+00
4.107511e+00
4.107516e+00
4.107546e+00
4.107761e+00
4.107673e+00
4.108261e+00

First Drift
1.421412e-04
9.139068e-05
8.735061e-05
8.716993e-05
9.161979e-05
8.738972e-05
9.556953e-05
8.725096e-05
8.747075e-05
9.243004e-05

Compute Force
4.109037e+00
4.107244e+00
4.107670e+00
4.107107e+00
4.107174e+00
4.107179e+00
4.107211e+00
4.107432e+00
4.107342e+00
4.107918e+00

Kick
1.320504e-04
1.295321e-04
1.303712e-04
1.324797e-04
1.316508e-04
1.287507e-04
1.290618e-04
1.312308e-04
1.276508e-04
1.290115e-04

Second Drift
8.864049e-05
8.655060e-05
9.142049e-05
9.389035e-05
9.211153e-05
8.764025e-05
8.944981e-05
8.818135e-05
9.209104e-05
9.274948e-05

--- Configuration ---
nsteps: 10
dt: 1.000000e-04
eps: 5.000000e-02
G: 1.000000e+00
mass: 1.000000e+00
energy_every: 10
energy_tol: 1.000000e-03
kernel_choice: br
kinetic0: 1.469728e+09
potential0: -2.934067e+09
max_relative_error: 4.735181e-06
PAPI Cycles
17603929264
17603951581
17603750605
17603657148
17603966666
17603613672
17603456818
17603771233
17603771239
17603940035

PAPI Instructions
34771888275
34771885309
34771885309
34771885309
34771885307
34771885311
34771885309
34771885308
34771885309
34771885307

PAPI L1 Misses
29332761
29326077
29327327
29334787
29311069
29313413
29305474
29326396
29330330
29321586

PAPI L2 Misses
1029862
1021184
1019301
1019038
1019100
1018656
1016916
1020504
1019353
1022825

PAPI Vectorial DP
0
0
0
0
0
0
0
0
0
0

