File Read
2.904874e-03

File Write
2.651702e-03

Total Run
1.610804e+01

Total Step
3.928093e+00
3.927935e+00
3.927270e+00
3.926686e+00
3.928695e+00
3.927233e+00
3.928143e+00
3.927204e+00
3.926832e+00
3.927625e+00

First Drift
1.402209e-04
8.673128e-05
8.748099e-05
8.758157e-05
8.717086e-05
8.702092e-05
8.702092e-05
8.777995e-05
8.678064e-05
8.736085e-05

Compute Force
3.927644e+00
3.927578e+00
3.926897e+00
3.926327e+00
3.928334e+00
3.926881e+00
3.927782e+00
3.926855e+00
3.926480e+00
3.927264e+00

Kick
1.234906e-04
1.238305e-04
1.234505e-04
1.245122e-04
1.294510e-04
1.251316e-04
1.225015e-04
1.222808e-04
1.219204e-04
1.263302e-04

Second Drift
1.217807e-04
1.262818e-04
1.226310e-04
1.240009e-04
1.223404e-04
1.216512e-04
1.217108e-04
1.204312e-04
1.252117e-04
1.262510e-04

--- Configuration ---
nsteps: 10
dt: 1.000000e-04
eps: 5.000000e-02
G: 1.000000e+00
mass: 1.000000e+00
energy_every: 10
energy_tol: 1.000000e-03
kernel_choice: br
kinetic0: 1.469728e+09
potential0: -2.934067e+09
max_relative_error: 4.735181e-06
PAPI Cycles
16823658362
16823714134
16823637745
16823870940
16823313712
16823665975
16823530634
16823674371
16823367410
16823712353

PAPI Instructions
32652708946
32652705963
32652705967
32652705962
32652705963
32652705964
32652705965
32652705964
32652705962
32652705964

PAPI L1 Misses
3786077359
3785912138
3786157648
3785890178
3786031592
3785878320
3786140150
3786042789
3785951240
3786085782

PAPI L2 Misses
127940
136613
133479
136312
132562
135009
133944
134067
134695
134107

PAPI Vectorial DP
0
0
0
0
0
0
0
0
0
0

File Read
2.977004e-03

File Write
3.833670e-03

Total Run
1.626150e+01

Total Step
3.967933e+00
3.963178e+00
3.966971e+00
3.966910e+00
3.938936e+00
3.929400e+00
3.928872e+00
3.927282e+00
3.928871e+00
3.927910e+00

First Drift
1.732809e-04
9.032991e-05
8.793082e-05
8.785073e-05
9.294972e-05
8.798111e-05
8.777156e-05
8.838065e-05
8.788984e-05
8.771103e-05

Compute Force
3.967448e+00
3.962742e+00
3.966586e+00
3.966542e+00
3.938570e+00
3.929035e+00
3.928517e+00
3.926924e+00
3.928516e+00
3.927556e+00

Kick
1.310613e-04
1.698118e-04
1.311507e-04
1.325514e-04
1.298608e-04
1.215609e-04
1.278808e-04
1.200614e-04
1.210319e-04
1.278426e-04

Second Drift
1.275307e-04
1.495406e-04
1.279907e-04
1.244014e-04
1.236312e-04
1.267707e-04
1.205606e-04
1.296513e-04
1.229001e-04
1.156805e-04

--- Configuration ---
nsteps: 10
dt: 1.000000e-04
eps: 5.000000e-02
G: 1.000000e+00
mass: 1.000000e+00
energy_every: 10
energy_tol: 1.000000e-03
kernel_choice: br
kinetic0: 1.469728e+09
potential0: -2.934067e+09
max_relative_error: 4.735181e-06
PAPI Cycles
16823938473
16823605856
16823828034
16824014345
16822887353
16822152793
16822872395
16822600614
16822687898
16822862038

PAPI Instructions
32652708991
32652705999
32652706008
32652706003
32652705979
32652705974
32652705966
32652705967
32652705966
32652705967

PAPI L1 Misses
3786400412
3786219533
3786266863
3786131078
3786451862
3786213525
3786000507
3786067407
3786009437
3786103830

PAPI L2 Misses
127775
128436
131161
129473
134215
138603
138279
135439
139007
140382

PAPI Vectorial DP
0
0
0
0
0
0
0
0
0
0

File Read
2.950937e-03

File Write
4.129765e-03

Total Run
1.612183e+01

Total Step
3.930310e+00
3.927490e+00
3.928793e+00
3.928518e+00
3.927540e+00
3.929113e+00
3.927777e+00
3.927612e+00
3.928728e+00
3.927461e+00

First Drift
1.446707e-04
8.755177e-05
8.767098e-05
8.773059e-05
8.764025e-05
8.732919e-05
8.720998e-05
8.750055e-05
8.736085e-05
8.767005e-05

Compute Force
3.929862e+00
3.927133e+00
3.928415e+00
3.928155e+00
3.927179e+00
3.928754e+00
3.927408e+00
3.927259e+00
3.928379e+00
3.927106e+00

Kick
1.223506e-04
1.226002e-04
1.294697e-04
1.223702e-04
1.237402e-04
1.228312e-04
1.237812e-04
1.264010e-04
1.240009e-04
1.211502e-04

Second Drift
1.200605e-04
1.270594e-04
1.242999e-04
1.292592e-04
1.269709e-04
1.252210e-04
1.248000e-04
1.181308e-04
1.188004e-04
1.254696e-04

--- Configuration ---
nsteps: 10
dt: 1.000000e-04
eps: 5.000000e-02
G: 1.000000e+00
mass: 1.000000e+00
energy_every: 10
energy_tol: 1.000000e-03
kernel_choice: br
kinetic0: 1.469728e+09
potential0: -2.934067e+09
max_relative_error: 4.735181e-06
PAPI Cycles
16822807440
16823130409
16822439402
16822953761
16822986401
16822829461
16822934499
16822473863
16822729496
16822609308

PAPI Instructions
32652708952
32652705968
32652705972
32652705969
32652705970
32652705972
32652705973
32652705968
32652705969
32652705971

PAPI L1 Misses
3786060152
3785979495
3785691264
3785857691
3785983686
3785871570
3785778585
3785929526
3785996124
3785940860

PAPI L2 Misses
133916
137620
135489
136934
136944
134027
139866
136562
135921
137128

PAPI Vectorial DP
0
0
0
0
0
0
0
0
0
0

File Read
2.714580e-03

File Write
4.142062e-03

Total Run
1.612034e+01

Total Step
3.929725e+00
3.929749e+00
3.928850e+00
3.927417e+00
3.928393e+00
3.928730e+00
3.927520e+00
3.929034e+00
3.928027e+00
3.929083e+00

First Drift
1.445012e-04
9.780005e-05
8.904003e-05
8.723978e-05
8.727983e-05
8.707121e-05
8.691102e-05
8.613057e-05
8.715969e-05
8.680951e-05

Compute Force
3.929206e+00
3.929322e+00
3.928483e+00
3.927063e+00
3.928032e+00
3.928369e+00
3.927151e+00
3.928680e+00
3.927671e+00
3.928727e+00

Kick
1.754919e-04
1.632422e-04
1.217211e-04
1.234207e-04
1.231907e-04
1.288513e-04
1.245812e-04
1.252610e-04
1.251111e-04
1.249611e-04

Second Drift
1.526810e-04
1.435010e-04
1.207013e-04
1.210514e-04
1.280606e-04
1.246706e-04
1.255507e-04
1.211707e-04
1.221215e-04
1.254408e-04

--- Configuration ---
nsteps: 10
dt: 1.000000e-04
eps: 5.000000e-02
G: 1.000000e+00
mass: 1.000000e+00
energy_every: 10
energy_tol: 1.000000e-03
kernel_choice: br
kinetic0: 1.469728e+09
potential0: -2.934067e+09
max_relative_error: 4.735181e-06
PAPI Cycles
16822132381
16822054345
16822306935
16823081226
16822984606
16822854739
16823168310
16822741103
16822898285
16822839060

PAPI Instructions
32652708955
32652705980
32652705973
32652705973
32652705880
32652705882
32652705975
32652705977
32652705972
32652705974

PAPI L1 Misses
3786584943
3786481510
3786357362
3786218791
3786042901
3786189519
3786089224
3786046576
3785975770
3786104844

PAPI L2 Misses
127126
141431
133357
137824
141965
138882
138405
143176
139305
140673

PAPI Vectorial DP
0
0
0
0
0
0
0
0
0
0

File Read
2.933152e-03

File Write
6.850723e-03

Total Run
1.611455e+01

Total Step
3.928098e+00
3.925759e+00
3.926920e+00
3.926716e+00
3.925772e+00
3.927785e+00
3.926530e+00
3.929085e+00
3.929236e+00
3.927467e+00

First Drift
1.488710e-04
1.446409e-04
8.736085e-05
8.747075e-05
8.793082e-05
8.751173e-05
8.776132e-05
8.769054e-05
8.752104e-05
9.226147e-05

Compute Force
3.927589e+00
3.925337e+00
3.926546e+00
3.926359e+00
3.925412e+00
3.927420e+00
3.926160e+00
3.928734e+00
3.928881e+00
3.927111e+00

Kick
1.485702e-04
1.309412e-04
1.298906e-04
1.286119e-04
1.299409e-04
1.295609e-04
1.297705e-04
1.213904e-04
1.234720e-04
1.207711e-04

Second Drift
1.609214e-04
1.219809e-04
1.222324e-04
1.220508e-04
1.212610e-04
1.271106e-04
1.233518e-04
1.235306e-04
1.256512e-04
1.215311e-04

--- Configuration ---
nsteps: 10
dt: 1.000000e-04
eps: 5.000000e-02
G: 1.000000e+00
mass: 1.000000e+00
energy_every: 10
energy_tol: 1.000000e-03
kernel_choice: br
kinetic0: 1.469728e+09
potential0: -2.934067e+09
max_relative_error: 4.735181e-06
PAPI Cycles
16823384707
16823879037
16823593819
16824017850
16823631781
16823783800
16823930856
16823281537
16823383150
16823041312

PAPI Instructions
32652708949
32652705967
32652705929
32652705969
32652705964
32652705930
32652705968
32652705968
32652705969
32652705965

PAPI L1 Misses
3786676077
3786851690
3786633499
3786544556
3786632311
3786733561
3786782231
3786454847
3786147150
3786313919

PAPI L2 Misses
118072
131350
131173
132712
131015
133679
132075
137040
133369
134357

PAPI Vectorial DP
0
0
0
0
0
0
0
0
0
0

