File Read
3.090276e-03

File Write
2.904817e-03

Total Run
1.656222e+01

Total Step
2.951142e+00
2.943771e+00
2.945554e+00
2.939466e+00
2.944095e+00
2.943935e+00
2.937551e+00
2.938212e+00
2.949967e+00
2.943710e+00

First Drift
3.475724e-04
9.974092e-05
9.108149e-05
9.859167e-05
9.194016e-05
1.438307e-04
8.931104e-05
9.432156e-05
9.896979e-05
8.978043e-05

Compute Force
2.950353e+00
2.943380e+00
2.945141e+00
2.939044e+00
2.943679e+00
2.943506e+00
2.937151e+00
2.937780e+00
2.949567e+00
2.943323e+00

Kick
1.746425e-04
1.312206e-04
1.582121e-04
1.434311e-04
1.480505e-04
1.303107e-04
1.465604e-04
1.516817e-04
1.318622e-04
1.497008e-04

Second Drift
1.541618e-04
1.356518e-04
1.384113e-04
1.356704e-04
1.576226e-04
1.318203e-04
1.432812e-04
1.592711e-04
1.316825e-04
1.242310e-04

--- Configuration ---
nsteps: 10
dt: 1.000000e-04
eps: 5.000000e-02
G: 1.000000e+00
mass: 1.000000e+00
energy_every: 10
energy_tol: 1.000000e-03
kernel_choice: brt
kinetic0: 1.469728e+09
potential0: -2.934067e+09
max_relative_error: 4.735181e-06
PAPI Cycles
12290262936
12269529433
12295918914
12284224003
12297389858
12283007903
12268189503
12278471735
12317157630
12294210131

PAPI Instructions
22975134664
22975132623
22975132627
22975132594
22975132623
22975132623
22975132617
22975132617
22975132634
22975132623

PAPI L1 Misses
70804444
70765330
70685987
70731170
70736506
70799419
70723401
70736049
70719636
70804989

PAPI L2 Misses
2069601
2005785
2009842
1994482
2005887
2101040
2008216
1996104
1993938
2082135

PAPI Vectorial DP
0
0
0
0
0
0
0
0
0
0

File Read
3.108148e-03

File Write
3.898765e-03

Total Run
1.662681e+01

Total Step
2.903246e+00
2.901395e+00
2.900079e+00
2.901257e+00
2.905295e+00
2.908514e+00
2.897552e+00
2.912985e+00
2.904019e+00
2.899282e+00

First Drift
1.393314e-04
1.417715e-04
1.306012e-04
1.321305e-04
1.397822e-04
1.395214e-04
1.530508e-04
8.871034e-05
9.663031e-05
8.935109e-05

Compute Force
2.902784e+00
2.900951e+00
2.899660e+00
2.900800e+00
2.904851e+00
2.908052e+00
2.897116e+00
2.912567e+00
2.903626e+00
2.898906e+00

Kick
1.235409e-04
1.295721e-04
1.185816e-04
1.243511e-04
1.262212e-04
1.463816e-04
1.299512e-04
1.504309e-04
1.207609e-04
1.327312e-04

Second Drift
1.410926e-04
1.446325e-04
1.464412e-04
1.573814e-04
1.522917e-04
1.489017e-04
1.295609e-04
1.503220e-04
1.417212e-04
1.278715e-04

--- Configuration ---
nsteps: 10
dt: 1.000000e-04
eps: 5.000000e-02
G: 1.000000e+00
mass: 1.000000e+00
energy_every: 10
energy_tol: 1.000000e-03
kernel_choice: brt
kinetic0: 1.469728e+09
potential0: -2.934067e+09
max_relative_error: 4.735181e-06
PAPI Cycles
12127310510
12124015337
12120398005
12117921455
12134774037
12141375657
12109645363
12124514553
12116549837
12106134346

PAPI Instructions
22975134618
22975132582
22975132582
22975132580
22975132587
22975132588
22975132576
22975132591
22975132587
22975132580

PAPI L1 Misses
65334989
65317723
65325720
65318322
65319536
65265597
65304547
65423868
65498578
65317277

PAPI L2 Misses
2019320
2023103
2030475
2021719
2010867
2011768
2011592
2059801
2102136
2016011

PAPI Vectorial DP
0
0
0
0
0
0
0
0
0
0

File Read
2.868476e-03

File Write
3.799894e-03

Total Run
1.614096e+01

Total Step
2.842170e+00
2.842248e+00
2.842303e+00
2.842228e+00
2.842332e+00
2.842056e+00
2.842135e+00
2.840708e+00
2.841576e+00
2.840845e+00

First Drift
1.262417e-04
8.743070e-05
8.753967e-05
8.767005e-05
9.348057e-05
8.850172e-05
8.755177e-05
8.795131e-05
8.750986e-05
8.749031e-05

Compute Force
2.841731e+00
2.841881e+00
2.841940e+00
2.841862e+00
2.841949e+00
2.841693e+00
2.841770e+00
2.840335e+00
2.841189e+00
2.840477e+00

Kick
1.329910e-04
1.319619e-04
1.319926e-04
1.330525e-04
1.310511e-04
1.323521e-04
1.324723e-04
1.362413e-04
1.345612e-04
1.317104e-04

Second Drift
1.237513e-04
1.260126e-04
1.210012e-04
1.244117e-04
1.264811e-04
1.249108e-04
1.251707e-04
1.311619e-04
1.342418e-04
1.284713e-04

--- Configuration ---
nsteps: 10
dt: 1.000000e-04
eps: 5.000000e-02
G: 1.000000e+00
mass: 1.000000e+00
energy_every: 10
energy_tol: 1.000000e-03
kernel_choice: brt
kinetic0: 1.469728e+09
potential0: -2.934067e+09
max_relative_error: 4.735181e-06
PAPI Cycles
12166470150
12165735247
12166322822
12166529861
12166545949
12166419957
12166537998
12166280697
12166313371
12166204230

PAPI Instructions
22975134560
22975132520
22975132521
22975132524
22975132523
22975132521
22975132524
22975132520
22975132520
22975132522

PAPI L1 Misses
55856478
55885513
55834270
55849136
55850591
55863138
55857471
55852794
55882250
55811989

PAPI L2 Misses
1971292
1970560
1965356
1969116
1970162
1969653
1973364
1967231
1968769
1964376

PAPI Vectorial DP
0
0
0
0
0
0
0
0
0
0

File Read
3.153089e-03

File Write
3.752584e-03

Total Run
1.652319e+01

Total Step
2.901776e+00
2.905684e+00
2.908951e+00
2.898576e+00
2.900933e+00
2.912360e+00
2.901028e+00
2.900347e+00
2.900329e+00
2.899734e+00

First Drift
1.412919e-04
9.469129e-05
9.678025e-05
8.980092e-05
1.800228e-04
8.967146e-05
1.049116e-04
1.211111e-04
1.648525e-04
1.129210e-04

Compute Force
2.901246e+00
2.905291e+00
2.908584e+00
2.898082e+00
2.900461e+00
2.911908e+00
2.900643e+00
2.899877e+00
2.899861e+00
2.899334e+00

Kick
1.671202e-04
1.377715e-04
1.298515e-04
1.874315e-04
1.370804e-04
1.754323e-04
1.224419e-04
1.595402e-04
1.271404e-04
1.207106e-04

Second Drift
1.588212e-04
1.355112e-04
1.170710e-04
1.796419e-04
1.302315e-04
1.674108e-04
1.361314e-04
1.656506e-04
1.398120e-04
1.415415e-04

--- Configuration ---
nsteps: 10
dt: 1.000000e-04
eps: 5.000000e-02
G: 1.000000e+00
mass: 1.000000e+00
energy_every: 10
energy_tol: 1.000000e-03
kernel_choice: brt
kinetic0: 1.469728e+09
potential0: -2.934067e+09
max_relative_error: 4.735181e-06
PAPI Cycles
12116759108
12117730492
12130678806
12110370204
12113081556
12135449404
12119328232
12119528484
12118757822
12116337599

PAPI Instructions
22975134618
22975132549
22975132590
22975132579
22975132580
22975132594
22975132487
22975132580
22975132583
22975132579

PAPI L1 Misses
64086697
64164557
64245474
64046714
64072244
64250042
64089982
64070495
64056167
64071296

PAPI L2 Misses
1971693
2025272
2094404
1967631
1974887
2091605
1993521
1972630
1970739
1975035

PAPI Vectorial DP
0
0
0
0
0
0
0
0
0
0

File Read
2.977937e-03

File Write
3.986196e-03

Total Run
1.612032e+01

Total Step
2.837287e+00
2.836128e+00
2.835613e+00
2.835605e+00
2.836312e+00
2.835584e+00
2.835600e+00
2.835669e+00
2.835573e+00
2.835341e+00

First Drift
1.394125e-04
8.693058e-05
8.739065e-05
8.729938e-05
8.730125e-05
8.747075e-05
8.706097e-05
8.698087e-05
8.724164e-05
8.701067e-05

Compute Force
2.836829e+00
2.835768e+00
2.835242e+00
2.835240e+00
2.835932e+00
2.835225e+00
2.835233e+00
2.835299e+00
2.835197e+00
2.834978e+00

Kick
1.273612e-04
1.281314e-04
1.298208e-04
1.306916e-04
1.337314e-04
1.296708e-04
1.305314e-04
1.283111e-04
1.287116e-04
1.277709e-04

Second Drift
1.255115e-04
1.217807e-04
1.328411e-04
1.231525e-04
1.256010e-04
1.226617e-04
1.265006e-04
1.317710e-04
1.299307e-04
1.277803e-04

--- Configuration ---
nsteps: 10
dt: 1.000000e-04
eps: 5.000000e-02
G: 1.000000e+00
mass: 1.000000e+00
energy_every: 10
energy_tol: 1.000000e-03
kernel_choice: brt
kinetic0: 1.469728e+09
potential0: -2.934067e+09
max_relative_error: 4.735181e-06
PAPI Cycles
12140299083
12139924093
12139686981
12139863517
12139804323
12139658170
12139780280
12139866494
12139674361
12139817789

PAPI Instructions
22975134553
22975132516
22975132515
22975132516
22975132517
22975132515
22975132515
22975132517
22975132517
22975132512

PAPI L1 Misses
65284350
65305126
65336419
65265802
65295365
65277464
65296886
65311819
65281466
65284912

PAPI L2 Misses
2033509
2031045
2033959
2034021
2035209
2029042
2034744
2035785
2031855
2032306

PAPI Vectorial DP
0
0
0
0
0
0
0
0
0
0

File Read
3.301969e-03

File Write
3.986325e-03

Total Run
1.652075e+01

Total Step
2.899936e+00
2.898568e+00
2.898263e+00
2.898692e+00
2.898943e+00
2.898260e+00
2.896405e+00
2.896687e+00
2.903654e+00
2.930662e+00

First Drift
1.527816e-04
1.482209e-04
1.525311e-04
1.534708e-04
1.390409e-04
1.449306e-04
1.411326e-04
9.968132e-05
9.509083e-05
9.715091e-05

Compute Force
2.899420e+00
2.898106e+00
2.897780e+00
2.898210e+00
2.898487e+00
2.897792e+00
2.895941e+00
2.896294e+00
2.903242e+00
2.930212e+00

Kick
1.444910e-04
1.433222e-04
1.509804e-04
1.395512e-04
1.492314e-04
1.537008e-04
1.505511e-04
1.355316e-04
1.466107e-04
1.670616e-04

Second Drift
1.520226e-04
1.454316e-04
1.542727e-04
1.526009e-04
1.468817e-04
1.498312e-04
1.477711e-04
1.350911e-04
1.377109e-04
1.591323e-04

--- Configuration ---
nsteps: 10
dt: 1.000000e-04
eps: 5.000000e-02
G: 1.000000e+00
mass: 1.000000e+00
energy_every: 10
energy_tol: 1.000000e-03
kernel_choice: brt
kinetic0: 1.469728e+09
potential0: -2.934067e+09
max_relative_error: 4.735181e-06
PAPI Cycles
12123416719
12124336831
12122672704
12124636456
12125094256
12122233075
12114861848
12114331260
12115253714
12122089284

PAPI Instructions
22975134613
22975132580
22975132578
22975132579
22975132580
22975132486
22975132575
22975132578
22975132583
22975132611

PAPI L1 Misses
57291792
57313969
57323078
57317378
57341162
57308802
57326874
57325069
57348642
57346174

PAPI L2 Misses
2011950
2007724
2008819
2010039
2006988
2006154
2007370
2004619
2009016
2015368

PAPI Vectorial DP
0
0
0
0
0
0
0
0
0
0

