File Read
2.873814e-03

File Write
2.796902e-03

Total Run
1.614226e+01

Total Step
2.842543e+00
2.841624e+00
2.842039e+00
2.841503e+00
2.841572e+00
2.841411e+00
2.841470e+00
2.841413e+00
2.841509e+00
2.841470e+00

First Drift
1.465715e-04
8.717086e-05
8.703023e-05
8.689985e-05
9.186100e-05
8.659996e-05
9.655952e-05
8.715130e-05
8.684117e-05
8.719042e-05

Compute Force
2.842073e+00
2.841256e+00
2.841673e+00
2.841145e+00
2.841186e+00
2.841042e+00
2.841089e+00
2.841043e+00
2.841149e+00
2.841099e+00

Kick
1.274003e-04
1.280922e-04
1.300508e-04
1.279712e-04
1.280904e-04
1.289621e-04
1.322310e-04
1.296010e-04
1.287907e-04
1.306208e-04

Second Drift
1.292005e-04
1.288215e-04
1.242310e-04
1.204703e-04
1.281006e-04
1.289407e-04
1.288913e-04
1.288811e-04
1.103608e-04
1.295516e-04

--- Configuration ---
nsteps: 10
dt: 1.000000e-04
eps: 5.000000e-02
G: 1.000000e+00
mass: 1.000000e+00
energy_every: 10
energy_tol: 1.000000e-03
kernel_choice: brt
kinetic0: 1.469728e+09
potential0: -2.934067e+09
max_relative_error: 4.735181e-06
PAPI Cycles
12177420642
12176727344
12177104275
12176889617
12176987509
12176978831
12177022367
12176984076
12177142901
12177049476

PAPI Instructions
21831530013
21831527981
21831527978
21831527978
21831527981
21831527976
21831527977
21831527980
21831527981
21831527977

PAPI L1 Misses
58562489
58562808
58555610
58566816
58586208
58557763
58561676
58566486
58567312
58567519

PAPI L2 Misses
1190628
1190146
1190519
1191743
1192410
1188623
1187696
1191841
1191195
1188091

PAPI Vectorial DP
0
0
0
0
0
0
0
0
0
0

File Read
2.891894e-03

File Write
4.745728e-03

Total Run
1.611013e+01

Total Step
2.727964e+00
2.727653e+00
2.726868e+00
2.727061e+00
2.727187e+00
2.726791e+00
2.726784e+00
2.727084e+00
2.727114e+00
2.727013e+00

First Drift
1.851218e-04
1.278110e-04
1.217509e-04
1.213104e-04
1.211809e-04
1.217416e-04
1.205606e-04
1.210915e-04
1.205811e-04
1.209714e-04

Compute Force
2.727426e+00
2.727214e+00
2.726440e+00
2.726635e+00
2.726742e+00
2.726373e+00
2.726352e+00
2.726655e+00
2.726686e+00
2.726568e+00

Kick
1.294706e-04
1.296904e-04
1.283707e-04
1.269206e-04
1.300508e-04
1.303609e-04
1.287907e-04
1.276508e-04
1.307810e-04
1.297509e-04

Second Drift
1.533907e-04
1.628818e-04
1.588613e-04
1.554815e-04
1.644213e-04
1.441408e-04
1.554610e-04
1.563113e-04
1.549823e-04
1.620725e-04

--- Configuration ---
nsteps: 10
dt: 1.000000e-04
eps: 5.000000e-02
G: 1.000000e+00
mass: 1.000000e+00
energy_every: 10
energy_tol: 1.000000e-03
kernel_choice: brt
kinetic0: 1.469728e+09
potential0: -2.934067e+09
max_relative_error: 4.735181e-06
PAPI Cycles
11685987175
11685683258
11685559939
11685873972
11685981369
11686022802
11685569081
11685663862
11685930857
11685530124

PAPI Instructions
21831529901
21831527864
21831527861
21831527866
21831527865
21831527861
21831527865
21831527864
21831527863
21831527863

PAPI L1 Misses
67641302
67604266
67595187
67621467
67642755
67624059
67619616
67617706
67611821
67633989

PAPI L2 Misses
1185829
1185093
1183157
1186417
1182470
1180560
1176028
1182875
1185402
1183848

PAPI Vectorial DP
0
0
0
0
0
0
0
0
0
0

File Read
2.725023e-03

File Write
3.834151e-03

Total Run
1.609685e+01

Total Step
2.728802e+00
2.727186e+00
2.727282e+00
2.727315e+00
2.727288e+00
2.727182e+00
2.727362e+00
2.727216e+00
2.727271e+00
2.727553e+00

First Drift
1.376905e-04
8.711033e-05
8.757040e-05
8.716062e-05
8.758996e-05
8.764956e-05
8.712988e-05
8.722022e-05
8.731987e-05
8.746050e-05

Compute Force
2.728359e+00
2.726822e+00
2.726912e+00
2.726945e+00
2.726920e+00
2.726819e+00
2.726989e+00
2.726844e+00
2.726907e+00
2.727169e+00

Kick
1.351805e-04
1.314320e-04
1.308406e-04
1.295209e-04
1.312215e-04
1.307009e-04
1.305817e-04
1.290813e-04
1.307912e-04
1.312103e-04

Second Drift
1.126006e-04
1.227213e-04
1.290813e-04
1.306208e-04
1.121107e-04
1.233006e-04
1.319507e-04
1.336308e-04
1.231609e-04
1.328010e-04

--- Configuration ---
nsteps: 10
dt: 1.000000e-04
eps: 5.000000e-02
G: 1.000000e+00
mass: 1.000000e+00
energy_every: 10
energy_tol: 1.000000e-03
kernel_choice: brt
kinetic0: 1.469728e+09
potential0: -2.934067e+09
max_relative_error: 4.735181e-06
PAPI Cycles
11687857609
11687440268
11687291453
11687173493
11687266224
11686757001
11687073685
11686881856
11686987634
11687165688

PAPI Instructions
21831529899
21831527861
21831527866
21831527864
21831527864
21831527862
21831527775
21831527863
21831527862
21831527867

PAPI L1 Misses
56806964
56784023
56833000
56811790
56811230
56804163
56795469
56803158
56777981
56816782

PAPI L2 Misses
1196423
1194455
1192935
1194890
1194260
1192613
1196552
1195533
1196291
1196153

PAPI Vectorial DP
0
0
0
0
0
0
0
0
0
0

File Read
3.045907e-03

File Write
1.099967e-02

Total Run
1.612290e+01

Total Step
2.726964e+00
2.726081e+00
2.726109e+00
2.725947e+00
2.726153e+00
2.726168e+00
2.725964e+00
2.725904e+00
2.726069e+00
2.726036e+00

First Drift
1.431210e-04
8.808076e-05
8.753035e-05
8.753035e-05
8.807145e-05
9.177066e-05
8.782186e-05
8.754991e-05
9.165145e-05
8.739997e-05

Compute Force
2.726495e+00
2.725719e+00
2.725734e+00
2.725573e+00
2.725770e+00
2.725787e+00
2.725599e+00
2.725544e+00
2.725693e+00
2.725653e+00

Kick
1.297016e-04
1.276406e-04
1.305714e-04
1.304513e-04
1.290506e-04
1.279712e-04
1.305817e-04
1.278715e-04
1.302203e-04
1.294808e-04

Second Drift
1.217909e-04
1.232103e-04
1.334809e-04
1.336308e-04
1.277011e-04
1.382306e-04
1.288513e-04
1.244610e-04
1.310911e-04
1.336504e-04

--- Configuration ---
nsteps: 10
dt: 1.000000e-04
eps: 5.000000e-02
G: 1.000000e+00
mass: 1.000000e+00
energy_every: 10
energy_tol: 1.000000e-03
kernel_choice: brt
kinetic0: 1.469728e+09
potential0: -2.934067e+09
max_relative_error: 4.735181e-06
PAPI Cycles
11681540829
11681191540
11681186489
11681304184
11681174802
11681248198
11681257283
11681262260
11681539378
11681386293

PAPI Instructions
21831529897
21831527863
21831527865
21831527860
21831527864
21831527864
21831527861
21831527860
21831527864
21831527862

PAPI L1 Misses
72205699
72189745
72173804
72162490
72187022
72196032
72170484
72189829
72192627
72183335

PAPI L2 Misses
1136245
1135676
1134909
1133981
1135500
1136124
1135228
1134446
1137107
1134134

PAPI Vectorial DP
0
0
0
0
0
0
0
0
0
0

File Read
2.883567e-03

File Write
4.076205e-03

Total Run
1.614596e+01

Total Step
2.811227e+00
2.810279e+00
2.810166e+00
2.810208e+00
2.810325e+00
2.810172e+00
2.810309e+00
2.810373e+00
2.810331e+00
2.811048e+00

First Drift
1.426106e-04
8.727144e-05
8.742139e-05
8.748937e-05
9.204168e-05
8.752104e-05
8.749031e-05
8.768123e-05
8.792989e-05
8.726120e-05

Compute Force
2.810753e+00
2.809913e+00
2.809801e+00
2.809840e+00
2.809935e+00
2.809800e+00
2.809943e+00
2.810002e+00
2.809957e+00
2.810685e+00

Kick
1.300294e-04
1.304010e-04
1.316816e-04
1.293113e-04
1.290012e-04
1.294715e-04
1.301505e-04
1.312811e-04
1.289304e-04
1.301114e-04

Second Drift
1.291195e-04
1.264112e-04
1.247004e-04
1.303209e-04
1.316899e-04
1.315214e-04
1.260908e-04
1.290906e-04
1.239516e-04
1.217108e-04

--- Configuration ---
nsteps: 10
dt: 1.000000e-04
eps: 5.000000e-02
G: 1.000000e+00
mass: 1.000000e+00
energy_every: 10
energy_tol: 1.000000e-03
kernel_choice: brt
kinetic0: 1.469728e+09
potential0: -2.934067e+09
max_relative_error: 4.735181e-06
PAPI Cycles
12041820158
12041546538
12041415848
12041324789
12041302880
12041460745
12041171187
12041666926
12041425110
12041592210

PAPI Instructions
21831529982
21831527949
21831527946
21831527945
21831527949
21831527946
21831527947
21831527947
21831527949
21831527948

PAPI L1 Misses
70889456
70883488
70872609
70865370
70868519
70850148
70843573
70848666
70889189
70906279

PAPI L2 Misses
1160821
1162661
1161574
1159649
1161151
1163864
1161484
1162868
1162660
1161959

PAPI Vectorial DP
0
0
0
0
0
0
0
0
0
0

