File Read
2.871214e-03

File Write
4.206215e-03

Total Run
1.611606e+01

Total Step
3.171735e+00
3.171404e+00
3.172223e+00
3.171970e+00
3.171033e+00
3.171881e+00
3.173234e+00
3.173641e+00
3.175708e+00
3.173056e+00

First Drift
1.398912e-04
8.742046e-05
8.748099e-05
8.781999e-05
8.758064e-05
8.740090e-05
8.786097e-05
8.751079e-05
8.771010e-05
8.743070e-05

Compute Force
3.171284e+00
3.171038e+00
3.171864e+00
3.171587e+00
3.170672e+00
3.171519e+00
3.172877e+00
3.173266e+00
3.175331e+00
3.172690e+00

Kick
1.295218e-04
1.293309e-04
1.284610e-04
1.296606e-04
1.288615e-04
1.304802e-04
1.288811e-04
1.296410e-04
1.342408e-04
1.330208e-04

Second Drift
1.239711e-04
1.277607e-04
1.239115e-04
1.285514e-04
1.259902e-04
1.274608e-04
1.198212e-04
1.283903e-04
1.283307e-04
1.256103e-04

--- Configuration ---
nsteps: 10
dt: 1.000000e-04
eps: 5.000000e-02
G: 1.000000e+00
mass: 1.000000e+00
energy_every: 10
energy_tol: 1.000000e-03
kernel_choice: brt
kinetic0: 1.469728e+09
potential0: -2.934067e+09
max_relative_error: 4.735181e-06
PAPI Cycles
13582099931
13581632131
13581853604
13581630315
13581749259
13581685869
13581798702
13581803949
13581831847
13581694829

PAPI Instructions
27482562391
27482560314
27482560316
27482560315
27482560313
27482560314
27482560319
27482560317
27482560319
27482560316

PAPI L1 Misses
3788494019
3788514770
3788503747
3788473281
3788498409
3788502338
3788481577
3788474097
3788459466
3788489338

PAPI L2 Misses
238301
238617
240952
238418
238993
235721
242016
240527
242909
239272

PAPI Vectorial DP
0
0
0
0
0
0
0
0
0
0

File Read
2.744482e-03

File Write
3.611389e-03

Total Run
1.611839e+01

Total Step
3.264777e+00
3.264949e+00
3.263474e+00
3.263669e+00
3.264954e+00
3.263701e+00
3.263953e+00
3.264901e+00
3.264479e+00
3.263624e+00

First Drift
1.426414e-04
8.680113e-05
8.750148e-05
9.177998e-05
8.694082e-05
8.700043e-05
8.675084e-05
8.674990e-05
8.733943e-05
8.715130e-05

Compute Force
3.264308e+00
3.264577e+00
3.263107e+00
3.263288e+00
3.264584e+00
3.263338e+00
3.263578e+00
3.264523e+00
3.264114e+00
3.263267e+00

Kick
1.287814e-04
1.294510e-04
1.294808e-04
1.304811e-04
1.289109e-04
1.303107e-04
1.392011e-04
1.345314e-04
1.290012e-04
1.308313e-04

Second Drift
1.288308e-04
1.331214e-04
1.291214e-04
1.225714e-04
1.317207e-04
1.236899e-04
1.274608e-04
1.246305e-04
1.280010e-04
1.206407e-04

--- Configuration ---
nsteps: 10
dt: 1.000000e-04
eps: 5.000000e-02
G: 1.000000e+00
mass: 1.000000e+00
energy_every: 10
energy_tol: 1.000000e-03
kernel_choice: brt
kinetic0: 1.469728e+09
potential0: -2.934067e+09
max_relative_error: 4.735181e-06
PAPI Cycles
13978638379
13978103240
13978086957
13978370589
13978414395
13978428819
13978080196
13978262431
13978356393
13978367401

PAPI Instructions
27482562485
27482560407
27482560405
27482560410
27482560406
27482560408
27482560407
27482560409
27482560408
27482560405

PAPI L1 Misses
3784096311
3784108726
3784066563
3784124307
3784118389
3784064722
3784103007
3784105998
3784120034
3784105439

PAPI L2 Misses
167763
166446
168185
167120
169823
170575
165600
167724
168606
169841

PAPI Vectorial DP
0
0
0
0
0
0
0
0
0
0

File Read
2.955036e-03

File Write
8.062134e-02

Total Run
1.612468e+01

Total Step
3.246352e+00
3.243182e+00
3.243147e+00
3.244746e+00
3.243279e+00
3.243546e+00
3.243472e+00
3.244860e+00
3.243219e+00
3.243178e+00

First Drift
1.430614e-04
8.738041e-05
8.795969e-05
8.733012e-05
8.744095e-05
8.707121e-05
8.734968e-05
9.186007e-05
8.726120e-05
9.267963e-05

Compute Force
3.245888e+00
3.242821e+00
3.242786e+00
3.244366e+00
3.242903e+00
3.243170e+00
3.243103e+00
3.244472e+00
3.242839e+00
3.242799e+00

Kick
1.339009e-04
1.341710e-04
1.337109e-04
1.327610e-04
1.353612e-04
1.346702e-04
1.335209e-04
1.354311e-04
1.337510e-04
1.373598e-04

Second Drift
1.295405e-04
1.213206e-04
1.195911e-04
1.225397e-04
1.310408e-04
1.333402e-04
1.241714e-04
1.286408e-04
1.318110e-04
1.293607e-04

--- Configuration ---
nsteps: 10
dt: 1.000000e-04
eps: 5.000000e-02
G: 1.000000e+00
mass: 1.000000e+00
energy_every: 10
energy_tol: 1.000000e-03
kernel_choice: brt
kinetic0: 1.469728e+09
potential0: -2.934067e+09
max_relative_error: 4.735181e-06
PAPI Cycles
13891901978
13891737748
13891774192
13891628889
13891609360
13891786498
13891465324
13891845975
13891736877
13891592684

PAPI Instructions
27482562464
27482560387
27482560387
27482560388
27482560385
27482560271
27482560385
27482560387
27482560388
27482560385

PAPI L1 Misses
3786306800
3786269722
3786288622
3786262661
3786277836
3786281202
3786304262
3786284592
3786295342
3786300353

PAPI L2 Misses
159373
161079
160531
160314
161977
161354
159849
163374
161129
159706

PAPI Vectorial DP
0
0
0
0
0
0
0
0
0
0

File Read
2.784441e-03

File Write
4.445274e-03

Total Run
1.614458e+01

Total Step
3.598988e+00
3.598182e+00
3.600153e+00
3.598329e+00
3.599327e+00
3.599645e+00
3.598340e+00
3.600012e+00
3.598536e+00
3.598245e+00

First Drift
1.455098e-04
9.081047e-05
9.114947e-05
9.114016e-05
9.504147e-05
9.072106e-05
9.566080e-05
9.123050e-05
9.104982e-05
9.048171e-05

Compute Force
3.598487e+00
3.597776e+00
3.599755e+00
3.597916e+00
3.598915e+00
3.599249e+00
3.597922e+00
3.599609e+00
3.598140e+00
3.597841e+00

Kick
1.557926e-04
1.576822e-04
1.555113e-04
1.551909e-04
1.568105e-04
1.562117e-04
1.562610e-04
1.565320e-04
1.558214e-04
1.572408e-04

Second Drift
1.315521e-04
1.336224e-04
1.305211e-04
1.297509e-04
1.377109e-04
1.293309e-04
1.300909e-04
1.335721e-04
1.284005e-04
1.376113e-04

--- Configuration ---
nsteps: 10
dt: 1.000000e-04
eps: 5.000000e-02
G: 1.000000e+00
mass: 1.000000e+00
energy_every: 10
energy_tol: 1.000000e-03
kernel_choice: brt
kinetic0: 1.469728e+09
potential0: -2.934067e+09
max_relative_error: 4.735181e-06
PAPI Cycles
15411984426
15411610601
15411973797
15411975593
15411793894
15411825715
15412058585
15411885140
15411948401
15411944144

PAPI Instructions
27482562819
27482560742
27482560744
27482560745
27482560739
27482560745
27482560743
27482560744
27482560744
27482560740

PAPI L1 Misses
3794817966
3794838701
3794824414
3794829236
3794820324
3794823320
3794840997
3794841655
3794811768
3794835800

PAPI L2 Misses
157509
156320
162245
161028
161828
160374
162207
161073
160905
160942

PAPI Vectorial DP
0
0
0
0
0
0
0
0
0
0

File Read
2.737150e-03

File Write
5.547950e-03

Total Run
1.612683e+01

Total Step
3.161676e+00
3.159587e+00
3.159545e+00
3.159867e+00
3.158929e+00
3.159186e+00
3.160303e+00
3.159284e+00
3.160338e+00
3.158983e+00

First Drift
1.453310e-04
8.728169e-05
8.712150e-05
8.757133e-05
8.687098e-05
8.712057e-05
8.738041e-05
8.728169e-05
8.727983e-05
8.696131e-05

Compute Force
3.161213e+00
3.159224e+00
3.159186e+00
3.159480e+00
3.158567e+00
3.158820e+00
3.159933e+00
3.158918e+00
3.159964e+00
3.158624e+00

Kick
1.273602e-04
1.330012e-04
1.293505e-04
1.291512e-04
1.298906e-04
1.281314e-04
1.275316e-04
1.300406e-04
1.293020e-04
1.286715e-04

Second Drift
1.188004e-04
1.230314e-04
1.206817e-04
1.319209e-04
1.239618e-04
1.290217e-04
1.357822e-04
1.197923e-04
1.291018e-04
1.242114e-04

--- Configuration ---
nsteps: 10
dt: 1.000000e-04
eps: 5.000000e-02
G: 1.000000e+00
mass: 1.000000e+00
energy_every: 10
energy_tol: 1.000000e-03
kernel_choice: brt
kinetic0: 1.469728e+09
potential0: -2.934067e+09
max_relative_error: 4.735181e-06
PAPI Cycles
13530585793
13529967342
13530016420
13530145603
13530128369
13530072208
13530144939
13530069361
13529926160
13530124943

PAPI Instructions
27482562380
27482560301
27482560303
27482560303
27482560301
27482560303
27482560302
27482560303
27482560302
27482560301

PAPI L1 Misses
3787744251
3787759878
3787723667
3787704132
3787706135
3787719288
3787686903
3787735361
3787741478
3787731081

PAPI L2 Misses
159397
158509
159048
159994
157530
157772
159802
157902
156713
159582

PAPI Vectorial DP
0
0
0
0
0
0
0
0
0
0

