File Read
3.249671e-03

File Write
3.289232e-03

Total Run
1.628354e+01

Total Step
1.388374e+01
1.388487e+01
1.387856e+01
1.387882e+01
1.387789e+01
1.388520e+01
1.387782e+01
1.387812e+01
1.387877e+01
1.388754e+01
1.388310e+01
1.387983e+01
1.390482e+01
1.389365e+01
1.388224e+01
1.388506e+01
1.388979e+01
1.389643e+01
1.387687e+01
1.388758e+01
1.389890e+01
1.389442e+01
1.388757e+01
1.389157e+01
1.389063e+01

First Drift
1.288010e-04
1.308108e-04
1.297416e-04
1.356509e-04
1.305323e-04
1.308713e-04
1.302110e-04
1.289910e-04
1.403913e-04
1.406809e-04
1.334520e-04
1.315614e-04
1.419010e-04
1.462819e-04
1.351312e-04
1.367806e-04
1.364416e-04
1.413422e-04
1.404313e-04
1.409808e-04
1.396807e-04
1.415126e-04
1.419215e-04
1.375405e-04
1.378413e-04

Compute Force
1.388327e+01
1.388441e+01
1.387812e+01
1.387836e+01
1.387747e+01
1.388476e+01
1.387738e+01
1.387769e+01
1.387833e+01
1.388710e+01
1.388265e+01
1.387940e+01
1.390437e+01
1.389320e+01
1.388180e+01
1.388461e+01
1.388935e+01
1.389597e+01
1.387642e+01
1.388714e+01
1.389846e+01
1.389400e+01
1.388714e+01
1.389113e+01
1.389018e+01

Kick
1.255004e-04
1.351023e-04
1.313305e-04
1.264308e-04
1.257621e-04
1.289025e-04
1.379922e-04
1.315409e-04
1.287917e-04
1.424821e-04
1.308806e-04
1.342213e-04
1.322413e-04
1.344811e-04
1.376616e-04
1.339521e-04
1.397608e-04
1.359815e-04
1.376318e-04
1.363717e-04
1.343824e-04
1.334911e-04
1.331214e-04
1.328215e-04
1.421524e-04

Second Drift
1.336019e-04
1.212712e-04
1.294129e-04
1.250515e-04
1.229513e-04
1.226012e-04
1.197010e-04
1.286520e-04
1.284024e-04
1.239711e-04
1.244713e-04
1.221607e-04
1.241211e-04
1.261914e-04
1.236610e-04
1.265211e-04
1.186421e-04
1.301914e-04
1.254007e-04
1.230408e-04
1.226710e-04
1.142416e-04
1.170719e-04
1.227511e-04
1.194011e-04

--- Configuration ---
nsteps: 25
dt: 1.000000e-04
eps: 5.000000e-02
G: 1.000000e+00
mass: 1.000000e+00
energy_every: 1
energy_tol: 1.000000e-03
kernel_choice: bt
kinetic0: 1.469728e+09
potential0: -2.934067e+09
max_relative_error: 2.264872e-07
PAPI Cycles
59475949733
59481991125
59456664952
59456058307
59454743421
59484596329
59454293972
59454405468
59455329933
59495440717
59457808653
59455207003
59573049360
59522700685
59475386701
59485941244
59509603908
59537121590
59453282985
59499350090
59548491117
59520215070
59485178400
59490115909
59494920325

PAPI Instructions
131707060668
131707058732
131707058719
131707058725
131707058723
131707058728
131707058722
131707058722
131707058720
131707058732
131707058726
131707058723
131707058751
131707058737
131707058724
131707058732
131707058731
131707058743
131707058720
131707058734
131707058741
131707058739
131707058731
131707058738
131707058731

PAPI L1 Misses
178228058
178293218
178286566
178263529
178251247
178253719
178257850
178266145
178286456
178321392
178282813
178293727
178166599
178157067
178263131
178331680
178279147
178147966
178265667
178236404
178172298
178247115
178287192
178276493
178269778

PAPI L2 Misses
1127496
1110146
1114848
1114033
1115836
1118809
1106621
1106176
1103706
1114372
1112413
1105303
1113310
1102113
1106363
1100571
1102562
1101573
1091460
1096562
1103188
1098324
1088346
1090941
1086037

PAPI Vectorial DP
0
0
0
0
0
0
0
0
0
0
0
0
0
0
0
0
0
0
0
0
0
0
0
0
0

File Read
7.191077e-04

File Write
2.666589e-03

Total Run
6.515859e-01

Total Step
4.009652e-01
4.004136e-01
4.000336e-01
3.997729e-01
4.008594e-01
4.004810e-01
4.009345e-01
4.004878e-01
4.008689e-01
4.003501e-01
3.999208e-01
4.002167e-01
4.003745e-01
4.002034e-01
4.003547e-01
4.003536e-01
4.002413e-01
4.008405e-01
4.009137e-01
4.004794e-01
4.001878e-01
4.007541e-01
4.002842e-01
4.004876e-01
4.002092e-01

First Drift
4.281942e-05
2.150051e-05
2.133101e-05
2.150983e-05
2.137013e-05
2.148002e-05
2.148002e-05
2.150051e-05
2.163928e-05
2.168026e-05
2.141949e-05
2.154987e-05
2.134126e-05
2.141017e-05
2.152938e-05
2.148002e-05
2.145022e-05
2.140086e-05
2.141017e-05
2.149958e-05
2.152100e-05
2.176035e-05
2.140924e-05
2.143066e-05
2.152100e-05

Compute Force
4.007924e-01
4.002941e-01
3.999197e-01
3.996481e-01
4.007481e-01
4.003682e-01
4.008221e-01
4.003766e-01
4.007475e-01
4.002316e-01
3.998090e-01
4.001066e-01
4.002624e-01
4.000631e-01
4.002364e-01
4.002332e-01
4.001268e-01
4.007272e-01
4.008058e-01
4.003529e-01
4.000731e-01
4.006380e-01
4.001640e-01
4.003629e-01
4.000983e-01

Kick
3.638119e-05
3.646035e-05
3.570039e-05
3.736001e-05
3.700145e-05
3.753044e-05
3.765989e-05
3.562961e-05
4.065968e-05
3.582984e-05
3.701169e-05
3.702007e-05
3.825966e-05
3.767945e-05
3.584009e-05
3.809948e-05
4.100148e-05
3.836118e-05
3.558118e-05
3.639981e-05
3.641006e-05
3.725942e-05
3.666058e-05
3.703125e-05
3.754999e-05

Second Drift
3.231037e-05
3.167987e-05
3.154017e-05
3.169943e-05
3.227033e-05
3.284961e-05
3.136043e-05
3.223028e-05
3.194064e-05
3.231969e-05
3.193971e-05
3.230944e-05
3.181025e-05
3.248174e-05
3.244076e-05
3.450923e-05
3.161002e-05
3.307033e-05
3.109034e-05
3.536977e-05
3.235042e-05
3.219116e-05
3.364123e-05
3.711041e-05
3.123004e-05

--- Configuration ---
nsteps: 25
dt: 1.000000e-04
eps: 5.000000e-02
G: 1.000000e+00
mass: 1.000000e+00
energy_every: 25
energy_tol: 1.000000e-03
kernel_choice: bt
kinetic0: 5.875944e+07
potential0: -1.165828e+08
max_relative_error: 8.542724e-08
PAPI Cycles
1715185096
1713580138
1712124277
1710710516
1715532004
1713830371
1715855805
1714267099
1715450905
1713341914
1711647749
1712877938
1713731326
1712248660
1713310277
1713592140
1712841601
1715843813
1715935321
1713840675
1712652564
1715005010
1713074228
1713648187
1712384951

PAPI Instructions
1991995415
1991993944
1991993942
1991993944
1991993945
1991993942
1991993945
1991993943
1991993943
1991993944
1991993942
1991993944
1991993942
1991993946
1991993944
1991993942
1991993944
1991993942
1991993944
1991993947
1991993944
1991993945
1991993942
1991993942
1991993944

PAPI L1 Misses
1679012
1677927
1679481
1676896
1680641
1677411
1677070
1678822
1681200
1679941
1679381
1677073
1679399
1678130
1680148
1677469
1681921
1677637
1679889
1679847
1677730
1678550
1677325
1680090
1681028

PAPI L2 Misses
18672
18604
19238
19452
18386
19138
18990
18493
19790
18827
18702
19006
19166
19206
18631
18987
18703
18949
18446
18811
18863
18911
19272
19150
19050

PAPI Vectorial DP
0
0
0
0
0
0
0
0
0
0
0
0
0
0
0
0
0
0
0
0
0
0
0
0
0

File Read
8.116085e-04

File Write
2.785070e-02

Total Run
6.516793e-01

Total Step
4.002745e-01
3.998962e-01
4.003288e-01
4.001136e-01
4.005604e-01
3.998891e-01
4.003505e-01
4.002808e-01
3.999423e-01
4.000804e-01
4.000003e-01
3.998911e-01
4.002877e-01
4.004102e-01
3.999087e-01
3.997242e-01
4.003732e-01
4.001724e-01
4.007266e-01
3.997219e-01
4.005755e-01
3.998013e-01
4.007559e-01
3.996098e-01
4.000513e-01

First Drift
4.235003e-05
2.162997e-05
2.140924e-05
2.134033e-05
2.141111e-05
2.136081e-05
2.161134e-05
2.175011e-05
2.160110e-05
2.142973e-05
2.141017e-05
2.176967e-05
2.148096e-05
2.153963e-05
2.150051e-05
2.144091e-05
2.138037e-05
2.170075e-05
2.152007e-05
2.136081e-05
2.146047e-05
2.154056e-05
2.131984e-05
2.153963e-05
2.137013e-05

Compute Force
4.001025e-01
3.997709e-01
4.002111e-01
3.999896e-01
4.004461e-01
3.997703e-01
4.002242e-01
4.001632e-01
3.998315e-01
3.999737e-01
3.998842e-01
3.997737e-01
4.001722e-01
4.002766e-01
3.997933e-01
3.996083e-01
4.002611e-01
4.000547e-01
4.006162e-01
3.995985e-01
4.004569e-01
3.996851e-01
4.006435e-01
3.994988e-01
3.999341e-01

Kick
3.779028e-05
3.840961e-05
3.794115e-05
3.634021e-05
3.813021e-05
3.840029e-05
3.893115e-05
3.920030e-05
3.789924e-05
3.816001e-05
3.889948e-05
3.788993e-05
3.816094e-05
3.838167e-05
3.830995e-05
3.692973e-05
3.795978e-05
3.763009e-05
3.845058e-05
3.761146e-05
3.715977e-05
3.851019e-05
3.844034e-05
3.787037e-05
3.668107e-05

Second Drift
3.318116e-05
3.316067e-05
3.247987e-05
3.295019e-05
3.305078e-05
3.311969e-05
3.754999e-05
3.207009e-05
3.238954e-05
3.301073e-05
3.256090e-05
3.274065e-05
3.345124e-05
3.293995e-05
3.288034e-05
3.236998e-05
3.221165e-05
3.318116e-05
3.295019e-05
3.302004e-05
3.326032e-05
3.257114e-05
3.290083e-05
3.244076e-05
3.238954e-05

--- Configuration ---
nsteps: 25
dt: 1.000000e-04
eps: 5.000000e-02
G: 1.000000e+00
mass: 1.000000e+00
energy_every: 25
energy_tol: 1.000000e-03
kernel_choice: bt
kinetic0: 5.875944e+07
potential0: -1.165828e+08
max_relative_error: 8.542724e-08
PAPI Cycles
1712360455
1711220966
1713355299
1712376952
1714428250
1711695910
1713187805
1713207800
1711539081
1712447146
1712024948
1711540784
1712970486
1713245225
1711669781
1711093063
1713458197
1712653111
1714873633
1710745484
1714528782
1710778565
1715298485
1710364366
1712932320

PAPI Instructions
1991995414
1991993944
1991993943
1991993946
1991993942
1991993942
1991993944
1991993942
1991993948
1991993942
1991993942
1991993944
1991993942
1991993946
1991993942
1991993942
1991993944
1991993942
1991993945
1991993944
1991993943
1991993943
1991993943
1991993944
1991993942

PAPI L1 Misses
1536506
1536477
1536631
1535663
1537287
1535666
1537004
1535921
1536300
1534428
1534461
1532406
1538049
1536836
1535524
1534670
1535243
1536088
1538944
1534617
1533568
1537076
1533998
1534641
1537003

PAPI L2 Misses
19210
18955
18633
18813
19248
18562
18889
18437
19069
18460
18609
19021
19517
18548
18232
18634
18934
18964
19470
18150
18868
19054
18867
18410
18408

PAPI Vectorial DP
0
0
0
0
0
0
0
0
0
0
0
0
0
0
0
0
0
0
0
0
0
0
0
0
0

File Read
1.312896e-03

File Write
5.421609e-03

Total Run
6.518598e-01

Total Step
4.013508e-01
4.016401e-01
4.011948e-01
4.009747e-01
4.017068e-01
4.020864e-01
4.012777e-01
4.016750e-01
4.018994e-01
4.012838e-01
4.021535e-01
4.018161e-01
4.012478e-01
4.011297e-01
4.008298e-01
4.013186e-01
4.014656e-01
4.014723e-01
4.012648e-01
4.797450e-01
4.023438e-01
4.022945e-01
4.020398e-01
4.025167e-01
4.016674e-01

First Drift
4.334096e-05
2.134033e-05
2.127048e-05
2.127979e-05
2.125185e-05
2.131984e-05
2.137013e-05
2.138037e-05
2.142973e-05
2.133008e-05
2.132170e-05
2.622046e-05
2.138037e-05
2.123974e-05
2.135988e-05
2.137013e-05
2.135057e-05
2.133939e-05
2.125930e-05
2.126954e-05
2.126023e-05
2.139155e-05
2.154987e-05
2.124999e-05
2.129097e-05

Compute Force
4.011725e-01
4.015168e-01
4.010853e-01
4.008509e-01
4.015931e-01
4.019679e-01
4.011621e-01
4.015530e-01
4.017891e-01
4.011674e-01
4.020306e-01
4.016925e-01
4.011206e-01
4.009998e-01
4.007097e-01
4.012004e-01
4.013466e-01
4.013525e-01
4.011460e-01
4.796120e-01
4.022280e-01
4.021759e-01
4.019185e-01
4.023982e-01
4.015460e-01

Kick
3.921147e-05
3.923010e-05
3.623962e-05
3.740937e-05
3.977958e-05
3.800076e-05
3.671087e-05
3.853068e-05
3.646966e-05
3.888924e-05
3.731996e-05
3.693998e-05
4.315004e-05
3.598072e-05
3.765058e-05
3.704149e-05
3.753137e-05
3.794953e-05
3.703032e-05
3.790017e-05
3.668945e-05
3.642961e-05
3.650039e-05
3.692042e-05
3.849994e-05

Second Drift
3.393088e-05
3.360119e-05
3.171992e-05
3.319979e-05
3.132131e-05
3.310014e-05
3.434066e-05
3.272947e-05
3.282167e-05
3.219955e-05
3.299117e-05
3.337022e-05
3.304146e-05
3.260002e-05
3.803987e-05
3.314950e-05
3.350992e-05
3.279932e-05
3.156066e-05
3.300048e-05
3.354996e-05
3.330037e-05
3.284030e-05
3.314950e-05
3.343076e-05

--- Configuration ---
nsteps: 25
dt: 1.000000e-04
eps: 5.000000e-02
G: 1.000000e+00
mass: 1.000000e+00
energy_every: 25
energy_tol: 1.000000e-03
kernel_choice: bt
kinetic0: 5.875944e+07
potential0: -1.165828e+08
max_relative_error: 8.542724e-08
PAPI Cycles
1716838580
1717516937
1717273456
1715821197
1718857448
1721187668
1716098363
1718895429
1719648238
1717339534
1720966675
1719154562
1717134376
1716266949
1715478038
1717517293
1717690228
1718066171
1717033238
1717703233
1721279257
1721393898
1720572660
1722320095
1719445059

PAPI Instructions
1991995415
1991993947
1991993943
1991993947
1991993945
1991993945
1991993950
1991993944
1991993946
1991993943
1991993944
1991993945
1991993943
1991993947
1991993942
1991993943
1991993945
1991993947
1991993945
1991993947
1991993946
1991993944
1991993945
1991993947
1991993944

PAPI L1 Misses
1644819
1644924
1642294
1644872
1644415
1642529
1643443
1643488
1645248
1644597
1643766
1646517
1644271
1644296
1643259
1641992
1644765
1644871
1643210
1645067
1644172
1645753
1645362
1645534
1642409

PAPI L2 Misses
19454
19512
18850
19379
19471
19139
19736
19143
19322
18854
19008
19246
19282
18662
19198
19068
19925
19241
19073
21038
18904
19056
18845
19362
18435

PAPI Vectorial DP
0
0
0
0
0
0
0
0
0
0
0
0
0
0
0
0
0
0
0
0
0
0
0
0
0

File Read
8.064592e-04

File Write
2.970784e-01

Total Run
6.510931e-01

Total Step
4.016003e-01
4.012624e-01
4.007339e-01
4.008650e-01
4.006053e-01
4.150867e-01
4.013143e-01
4.002257e-01
4.011160e-01
4.013161e-01
4.013876e-01
4.005153e-01
4.005700e-01
4.010639e-01
4.015349e-01
4.010423e-01
4.008278e-01
4.006169e-01
4.079047e-01
4.009821e-01
4.014402e-01
4.012416e-01
4.008687e-01
4.010110e-01
4.008691e-01

First Drift
4.171114e-05
2.142135e-05
2.179109e-05
2.142135e-05
2.800114e-05
2.141111e-05
2.144929e-05
2.869032e-05
2.138969e-05
2.146978e-05
2.139993e-05
2.164021e-05
2.138969e-05
2.140924e-05
2.142973e-05
2.141949e-05
2.143998e-05
2.176035e-05
2.137013e-05
2.152007e-05
2.138037e-05
2.153032e-05
2.145022e-05
2.143998e-05
2.134964e-05

Compute Force
4.014380e-01
4.011497e-01
4.006123e-01
4.007312e-01
4.004757e-01
4.149718e-01
4.011986e-01
4.001038e-01
4.009960e-01
4.011990e-01
4.012674e-01
4.004013e-01
4.004511e-01
4.009265e-01
4.014184e-01
4.009234e-01
4.007170e-01
4.005000e-01
4.077872e-01
4.008468e-01
4.013248e-01
4.011323e-01
4.007532e-01
4.008946e-01
4.007515e-01

Kick
3.639981e-05
3.731064e-05
3.794115e-05
3.783032e-05
3.797095e-05
3.711041e-05
4.212093e-05
3.798027e-05
3.674999e-05
3.699958e-05
3.875047e-05
3.703963e-05
3.694929e-05
3.557093e-05
3.792997e-05
3.714114e-05
3.764126e-05
3.734045e-05
3.703125e-05
3.818050e-05
3.733113e-05
3.625080e-05
3.752112e-05
3.784150e-05
3.682077e-05

Second Drift
3.345031e-05
3.142003e-05
3.264006e-05
3.285985e-05
3.276952e-05
3.223959e-05
3.344007e-05
3.233086e-05
3.306102e-05
3.397930e-05
3.913045e-05
3.152061e-05
3.256090e-05
3.235973e-05
3.352109e-05
3.319979e-05
3.247056e-05
3.239140e-05
3.238022e-05
3.270153e-05
3.242958e-05
3.270991e-05
3.213994e-05
3.368035e-05
3.231969e-05

--- Configuration ---
nsteps: 25
dt: 1.000000e-04
eps: 5.000000e-02
G: 1.000000e+00
mass: 1.000000e+00
energy_every: 25
energy_tol: 1.000000e-03
kernel_choice: bt
kinetic0: 5.875944e+07
potential0: -1.165828e+08
max_relative_error: 8.542724e-08
PAPI Cycles
1717929876
1717072887
1713144699
1714028513
1712692507
1714289466
1716230190
1711816423
1715905244
1714562747
1716498031
1713398656
1713672515
1715121245
1716882826
1715916765
1713864243
1713042245
1715347931
1714003236
1716302502
1715949610
1715171877
1714980431
1713536427

PAPI Instructions
1991995416
1991993943
1991993945
1991993944
1991993947
1991993943
1991993943
1991993944
1991993943
1991993945
1991993903
1991993942
1991993945
1991993945
1991993946
1991993943
1991993943
1991993945
1991993853
1991993946
1991993943
1991993943
1991993945
1991993943
1991993946

PAPI L1 Misses
1576864
1577394
1575545
1573303
1579473
1575948
1577099
1575465
1576179
1579301
1572704
1576423
1576938
1577149
1578134
1575438
1576207
1575876
1578236
1574362
1574766
1570853
1571675
1574343
1576195

PAPI L2 Misses
20107
19462
20063
20524
19851
20566
20457
19834
19837
20420
19837
19339
19599
19620
20070
19513
20608
20309
20390
20025
20473
20479
19864
19995
19939

PAPI Vectorial DP
0
0
0
0
0
0
0
0
0
0
0
0
0
0
0
0
0
0
0
0
0
0
0
0
0

File Read
7.279171e-04

File Write
6.305582e-02

Total Run
6.506767e-01

Total Step
4.000734e-01
4.002969e-01
4.006662e-01
3.998183e-01
3.994526e-01
4.089107e-01
4.010423e-01
4.005646e-01
4.004026e-01
4.006627e-01
3.998638e-01
4.006884e-01
3.997528e-01
4.001939e-01
4.002017e-01
4.010532e-01
4.006509e-01
4.001094e-01
4.101669e-01
4.005810e-01
3.999011e-01
4.009084e-01
4.007917e-01
3.992782e-01
4.003224e-01

First Drift
4.289020e-05
2.142042e-05
2.161972e-05
2.146978e-05
2.134964e-05
2.137106e-05
2.141017e-05
2.128072e-05
2.134033e-05
2.137013e-05
2.158154e-05
2.131984e-05
2.147164e-05
2.142973e-05
2.142973e-05
2.141949e-05
2.139993e-05
2.143998e-05
2.135988e-05
2.141017e-05
2.143998e-05
2.139062e-05
2.134964e-05
2.135988e-05
2.147164e-05

Compute Force
3.999114e-01
4.001749e-01
4.005442e-01
3.996860e-01
3.993329e-01
4.087915e-01
4.009259e-01
4.004461e-01
4.002797e-01
4.005391e-01
3.997501e-01
4.005708e-01
3.996310e-01
4.000472e-01
4.000866e-01
4.009354e-01
4.005309e-01
3.999909e-01
4.100427e-01
4.004591e-01
3.997875e-01
4.007848e-01
4.006665e-01
3.991595e-01
4.002077e-01

Kick
3.722962e-05
3.668014e-05
3.760122e-05
3.739167e-05
3.659073e-05
3.752112e-05
4.118029e-05
3.734976e-05
3.844127e-05
3.686920e-05
3.697164e-05
3.841985e-05
3.738143e-05
3.721006e-05
3.743079e-05
3.776979e-05
3.726035e-05
3.726967e-05
3.525056e-05
3.721006e-05
3.700145e-05
3.783032e-05
4.275143e-05
3.731996e-05
3.737118e-05

Second Drift
3.306009e-05
3.438164e-05
3.322121e-05
3.421027e-05
3.226940e-05
3.329013e-05
3.497116e-05
3.348012e-05
3.291015e-05
3.729947e-05
3.325008e-05
3.314950e-05
3.337115e-05
3.425125e-05
3.382005e-05
3.390014e-05
3.278162e-05
3.285985e-05
3.909133e-05
3.316160e-05
3.331061e-05
3.379118e-05
3.428012e-05
3.343076e-05
3.383029e-05

--- Configuration ---
nsteps: 25
dt: 1.000000e-04
eps: 5.000000e-02
G: 1.000000e+00
mass: 1.000000e+00
energy_every: 25
energy_tol: 1.000000e-03
kernel_choice: bt
kinetic0: 5.875944e+07
potential0: -1.165828e+08
max_relative_error: 8.542724e-08
PAPI Cycles
1711562535
1713497286
1715456731
1711763973
1709823408
1713789473
1716108742
1714960687
1714144729
1715108586
1711920617
1714685909
1710970570
1713195155
1713076108
1716677959
1714602177
1713114922
1713501492
1714288103
1711943136
1715918426
1715658588
1709675871
1714166677

PAPI Instructions
1991995414
1991993943
1991993945
1991993943
1991993943
1991993943
1991993943
1991993944
1991993943
1991993944
1991993941
1991993944
1991993944
1991993946
1991993944
1991993944
1991993943
1991993944
1991993943
1991993947
1991993942
1991993943
1991993944
1991993942
1991993944

PAPI L1 Misses
1601924
1599851
1601894
1601126
1603391
1598904
1600133
1600578
1600933
1601529
1602066
1602071
1602462
1597926
1603368
1600986
1598664
1602247
1602702
1603042
1603034
1602798
1601391
1599234
1602903

PAPI L2 Misses
19006
18838
18680
18403
18596
19146
18786
18616
18772
18853
19097
19358
18960
18590
18959
19467
18870
18578
18849
19105
19248
18982
18262
18667
18435

PAPI Vectorial DP
0
0
0
0
0
0
0
0
0
0
0
0
0
0
0
0
0
0
0
0
0
0
0
0
0

