File Read
2.878563e-03

File Write
2.937263e-03

Total Run
1.611905e+01

Total Step
4.121664e+00
4.121178e+00
4.121095e+00
4.120683e+00
4.120690e+00
4.120696e+00
4.120524e+00
4.120639e+00
4.121153e+00
4.120591e+00

First Drift
1.421822e-04
8.807145e-05
8.779019e-05
8.763094e-05
8.786097e-05
8.818042e-05
8.792989e-05
9.264145e-05
8.799974e-05
8.793082e-05

Compute Force
4.121197e+00
4.120826e+00
4.120710e+00
4.120326e+00
4.120317e+00
4.120317e+00
4.120152e+00
4.120276e+00
4.120784e+00
4.120237e+00

Kick
1.298515e-04
1.353314e-04
1.298310e-04
1.299707e-04
1.309207e-04
1.307512e-04
1.321509e-04
1.299512e-04
1.329314e-04
1.298310e-04

Second Drift
1.268713e-04
1.056306e-04
1.299512e-04
1.157215e-04
1.322012e-04
1.277709e-04
1.290012e-04
1.195008e-04
1.246007e-04
1.133811e-04

--- Configuration ---
nsteps: 10
dt: 1.000000e-04
eps: 5.000000e-02
G: 1.000000e+00
mass: 1.000000e+00
energy_every: 10
energy_tol: 1.000000e-03
kernel_choice: bt
kinetic0: 1.469728e+09
potential0: -2.934067e+09
max_relative_error: 4.354343e-08
PAPI Cycles
17661697289
17661338752
17661471565
17661257493
17661071224
17661078865
17661083428
17661069658
17661148998
17661285914

PAPI Instructions
19125656645
19125654612
19125654614
19125654612
19125654610
19125654613
19125654612
19125654612
19125654522
19125654611

PAPI L1 Misses
62818109
62825216
62833242
62817053
62841081
62825570
62824685
62846258
62818184
62811644

PAPI L2 Misses
1069908
1065388
1068429
1062773
1063423
1065784
1065594
1067460
1064148
1065301

PAPI Vectorial DP
0
0
0
0
0
0
0
0
0
0

File Read
2.890593e-03

File Write
4.447864e-03

Total Run
1.612190e+01

Total Step
4.122655e+00
4.121335e+00
4.120925e+00
4.121077e+00
4.120882e+00
4.120996e+00
4.120967e+00
4.121419e+00
4.120874e+00
4.120956e+00

First Drift
1.400616e-04
8.728076e-05
8.715037e-05
8.712988e-05
8.695014e-05
8.742046e-05
8.710101e-05
8.697994e-05
9.416975e-05
8.763094e-05

Compute Force
4.122214e+00
4.120982e+00
4.120561e+00
4.120727e+00
4.120526e+00
4.120637e+00
4.120618e+00
4.121058e+00
4.120509e+00
4.120610e+00

Kick
1.304410e-04
1.313211e-04
1.312215e-04
1.325412e-04
1.308415e-04
1.313910e-04
1.308909e-04
1.318315e-04
1.309505e-04
1.298711e-04

Second Drift
1.066197e-04
1.114113e-04
1.067314e-04
1.079207e-04
1.154914e-04
1.071906e-04
1.087105e-04
1.168996e-04
1.162812e-04
1.070416e-04

--- Configuration ---
nsteps: 10
dt: 1.000000e-04
eps: 5.000000e-02
G: 1.000000e+00
mass: 1.000000e+00
energy_every: 10
energy_tol: 1.000000e-03
kernel_choice: bt
kinetic0: 1.469728e+09
potential0: -2.934067e+09
max_relative_error: 4.354343e-08
PAPI Cycles
17663195910
17662971710
17662807104
17663080085
17662817808
17662884407
17662606694
17662802403
17662776813
17663058539

PAPI Instructions
19125656647
19125654617
19125654612
19125654613
19125654611
19125654615
19125654611
19125654613
19125654610
19125654579

PAPI L1 Misses
67262136
67242440
67246576
67226921
67232023
67254321
67247434
67239021
67242134
67245152

PAPI L2 Misses
1075049
1072195
1071344
1065716
1070176
1067293
1070468
1071710
1069202
1069587

PAPI Vectorial DP
0
0
0
0
0
0
0
0
0
0

File Read
2.987635e-03

File Write
4.081825e-03

Total Run
1.612297e+01

Total Step
4.147640e+00
4.146415e+00
4.146324e+00
4.146381e+00
4.146399e+00
4.146355e+00
4.147100e+00
4.146378e+00
4.146414e+00
4.146304e+00

First Drift
1.426311e-04
8.668099e-05
8.705165e-05
8.801091e-05
9.139162e-05
8.717086e-05
8.712150e-05
8.691009e-05
8.681044e-05
8.688029e-05

Compute Force
4.147179e+00
4.146048e+00
4.145940e+00
4.146020e+00
4.146027e+00
4.145983e+00
4.146743e+00
4.146039e+00
4.146049e+00
4.145944e+00

Kick
1.319805e-04
1.350809e-04
1.314208e-04
1.300015e-04
1.319619e-04
1.302212e-04
1.319721e-04
1.277411e-04
1.310911e-04
1.312308e-04

Second Drift
1.272503e-04
1.235111e-04
1.255004e-04
1.191320e-04
1.259008e-04
1.213811e-04
1.130207e-04
1.043109e-04
1.256419e-04
1.208810e-04

--- Configuration ---
nsteps: 10
dt: 1.000000e-04
eps: 5.000000e-02
G: 1.000000e+00
mass: 1.000000e+00
energy_every: 10
energy_tol: 1.000000e-03
kernel_choice: bt
kinetic0: 1.469728e+09
potential0: -2.934067e+09
max_relative_error: 4.354343e-08
PAPI Cycles
17771268118
17771107424
17771362285
17771014457
17770935174
17770735382
17771589413
17771173533
17771474775
17771074500

PAPI Instructions
19125656675
19125654636
19125654639
19125654636
19125654640
19125654638
19125654637
19125654638
19125654636
19125654639

PAPI L1 Misses
50060322
50014183
50050157
50007317
50036377
49984885
49999684
50014731
50035134
50021205

PAPI L2 Misses
1008914
1006662
1004105
1007335
1006086
1006499
1005715
1003845
1008259
1005087

PAPI Vectorial DP
0
0
0
0
0
0
0
0
0
0

File Read
2.934854e-03

File Write
1.984725e-02

Total Run
1.609931e+01

Total Step
4.122143e+00
4.121201e+00
4.121342e+00
4.121231e+00
4.121226e+00
4.121378e+00
4.121854e+00
4.121220e+00
4.121271e+00
4.121282e+00

First Drift
1.416709e-04
8.709170e-05
8.710008e-05
8.693151e-05
8.724164e-05
8.763094e-05
8.626934e-05
8.687004e-05
8.716062e-05
9.128172e-05

Compute Force
4.121667e+00
4.120842e+00
4.120976e+00
4.120875e+00
4.120866e+00
4.121002e+00
4.121489e+00
4.120860e+00
4.120906e+00
4.120899e+00

Kick
1.350213e-04
1.315521e-04
1.296606e-04
1.314012e-04
1.315111e-04
1.295805e-04
1.310706e-04
1.307605e-04
1.315307e-04
1.368904e-04

Second Drift
1.255311e-04
1.179017e-04
1.084115e-04
1.126407e-04
1.146514e-04
1.264010e-04
1.285728e-04
1.221914e-04
1.241611e-04
1.317514e-04

--- Configuration ---
nsteps: 10
dt: 1.000000e-04
eps: 5.000000e-02
G: 1.000000e+00
mass: 1.000000e+00
energy_every: 10
energy_tol: 1.000000e-03
kernel_choice: bt
kinetic0: 1.469728e+09
potential0: -2.934067e+09
max_relative_error: 4.354343e-08
PAPI Cycles
17662712309
17662852206
17662561672
17662373954
17662481304
17662332799
17662605050
17662426788
17662512017
17662724847

PAPI Instructions
19125656647
19125654611
19125654614
19125654611
19125654612
19125654613
19125654615
19125654612
19125654613
19125654610

PAPI L1 Misses
59441584
59426567
59428063
59437640
59441038
59443414
59431741
59416426
59426694
59426889

PAPI L2 Misses
1041424
1039731
1042096
1040686
1038435
1040456
1042504
1040966
1038853
1042638

PAPI Vectorial DP
0
0
0
0
0
0
0
0
0
0

File Read
2.899786e-03

File Write
4.090967e-03

Total Run
1.611593e+01

Total Step
4.122198e+00
4.121245e+00
4.121163e+00
4.121048e+00
4.121132e+00
4.121760e+00
4.120873e+00
4.120949e+00
4.120998e+00
4.121114e+00

First Drift
1.423918e-04
8.730125e-05
8.758064e-05
8.788984e-05
8.709915e-05
8.729100e-05
8.753035e-05
8.717086e-05
9.130035e-05
9.250082e-05

Compute Force
4.121735e+00
4.120893e+00
4.120779e+00
4.120684e+00
4.120767e+00
4.121392e+00
4.120500e+00
4.120587e+00
4.120630e+00
4.120748e+00

Kick
1.308909e-04
1.310213e-04
1.328010e-04
1.309114e-04
1.286808e-04
1.362413e-04
1.298115e-04
1.312308e-04
1.286315e-04
1.303917e-04

Second Drift
1.203110e-04
1.109606e-04
1.263814e-04
1.225211e-04
1.265910e-04
1.092106e-04
1.319908e-04
1.204014e-04
1.258515e-04
1.229905e-04

--- Configuration ---
nsteps: 10
dt: 1.000000e-04
eps: 5.000000e-02
G: 1.000000e+00
mass: 1.000000e+00
energy_every: 10
energy_tol: 1.000000e-03
kernel_choice: bt
kinetic0: 1.469728e+09
potential0: -2.934067e+09
max_relative_error: 4.354343e-08
PAPI Cycles
17662457104
17661771601
17662043468
17661967517
17662168440
17662500739
17661928455
17661899100
17661919153
17662093739

PAPI Instructions
19125656646
19125654615
19125654611
19125654611
19125654613
19125654613
19125654612
19125654610
19125654612
19125654612

PAPI L1 Misses
55889678
55905979
55904101
55909485
55916873
55871762
55905455
55896954
55895482
55902498

PAPI L2 Misses
1056127
1050765
1052864
1054576
1053919
1055192
1051347
1051958
1051517
1050539

PAPI Vectorial DP
0
0
0
0
0
0
0
0
0
0

