File Read
2.882746e-03

File Write
2.961745e-03

Total Run
1.612013e+01

Total Step
4.699939e+00
4.698672e+00
4.699109e+00
4.697966e+00
4.697942e+00
4.699196e+00
4.698294e+00
4.699892e+00
4.698489e+00
4.698930e+00

First Drift
1.399713e-04
8.786097e-05
8.743163e-05
8.786097e-05
8.745119e-05
8.838996e-05
8.792058e-05
8.728076e-05
8.759089e-05
9.147078e-05

Compute Force
4.699486e+00
4.698301e+00
4.698718e+00
4.697587e+00
4.697557e+00
4.698834e+00
4.697931e+00
4.699528e+00
4.698124e+00
4.698562e+00

Kick
1.301616e-04
1.311013e-04
1.352103e-04
1.377398e-04
1.335507e-04
1.295907e-04
1.295907e-04
1.295013e-04
1.291120e-04
1.287609e-04

Second Drift
1.264000e-04
1.325412e-04
1.325905e-04
1.321109e-04
1.341607e-04
1.274515e-04
1.253709e-04
1.265705e-04
1.286408e-04
1.260713e-04

--- Configuration ---
nsteps: 10
dt: 1.000000e-04
eps: 5.000000e-02
G: 1.000000e+00
mass: 1.000000e+00
energy_every: 10
energy_tol: 1.000000e-03
kernel_choice: bt
kinetic0: 1.469728e+09
potential0: -2.934067e+09
max_relative_error: 4.354343e-08
PAPI Cycles
20123777462
20123452449
20123261977
20123538673
20123396557
20123615137
20123485952
20123434381
20123560936
20123515033

PAPI Instructions
23874367466
23874365296
23874365388
23874365386
23874365390
23874365355
23874365387
23874365300
23874365387
23874365387

PAPI L1 Misses
3782292338
3782287839
3782239492
3782292880
3782288119
3782305823
3782316926
3782298044
3782297170
3782320748

PAPI L2 Misses
157622
159865
159063
159291
159057
157901
159597
159281
158503
158811

PAPI Vectorial DP
0
0
0
0
0
0
0
0
0
0

File Read
2.734732e-03

File Write
3.789300e-03

Total Run
1.622277e+01

Total Step
4.690645e+00
4.696372e+00
4.694283e+00
4.689367e+00
4.697028e+00
4.691633e+00
4.695033e+00
4.695538e+00
4.692283e+00
4.697598e+00

First Drift
1.426013e-04
8.757133e-05
8.914061e-05
8.756947e-05
8.916017e-05
8.805934e-05
9.341072e-05
8.941069e-05
9.022094e-05
1.212405e-04

Compute Force
4.690196e+00
4.695958e+00
4.693904e+00
4.688984e+00
4.696645e+00
4.691232e+00
4.694624e+00
4.695151e+00
4.691558e+00
4.697201e+00

Kick
1.296205e-04
1.493404e-04
1.303814e-04
1.385007e-04
1.289612e-04
1.515225e-04
1.509907e-04
1.335619e-04
3.573531e-04
1.290208e-04

Second Drift
1.191609e-04
1.529511e-04
1.290208e-04
1.360914e-04
1.300713e-04
1.386311e-04
1.409212e-04
1.394013e-04
2.524322e-04
1.232214e-04

--- Configuration ---
nsteps: 10
dt: 1.000000e-04
eps: 5.000000e-02
G: 1.000000e+00
mass: 1.000000e+00
energy_every: 10
energy_tol: 1.000000e-03
kernel_choice: bt
kinetic0: 1.469728e+09
potential0: -2.934067e+09
max_relative_error: 4.354343e-08
PAPI Cycles
19916162596
19915494734
19915839240
19915702340
19915683923
19915620839
19915765122
19915902024
19915581235
19915766012

PAPI Instructions
23874367455
23874365387
23874365384
23874365380
23874365388
23874365384
23874365381
23874365386
23874365381
23874365385

PAPI L1 Misses
3788129589
3788149881
3788183946
3788174150
3788191217
3788177758
3788164090
3788117388
3788160635
3788160688

PAPI L2 Misses
204971
208389
213342
212966
212738
214416
217012
218228
209124
211413

PAPI Vectorial DP
0
0
0
0
0
0
0
0
0
0

File Read
2.864347e-03

File Write
4.282396e-03

Total Run
1.612079e+01

Total Step
4.648974e+00
4.646843e+00
4.648743e+00
4.646899e+00
4.649432e+00
4.646855e+00
4.647856e+00
4.646848e+00
4.648951e+00
4.650661e+00

First Drift
1.403010e-04
8.775014e-05
8.784048e-05
8.727983e-05
9.279978e-05
8.771103e-05
8.763000e-05
8.763000e-05
9.197090e-05
9.168964e-05

Compute Force
4.648520e+00
4.646482e+00
4.648355e+00
4.646528e+00
4.649053e+00
4.646485e+00
4.647489e+00
4.646486e+00
4.648585e+00
4.650292e+00

Kick
1.309309e-04
1.292210e-04
1.304206e-04
1.289612e-04
1.296215e-04
1.346013e-04
1.307912e-04
1.305006e-04
1.280308e-04
1.299614e-04

Second Drift
1.272513e-04
1.224494e-04
1.315512e-04
1.323214e-04
1.224298e-04
1.253411e-04
1.282711e-04
1.254203e-04
1.253812e-04
1.251195e-04

--- Configuration ---
nsteps: 10
dt: 1.000000e-04
eps: 5.000000e-02
G: 1.000000e+00
mass: 1.000000e+00
energy_every: 10
energy_tol: 1.000000e-03
kernel_choice: bt
kinetic0: 1.469728e+09
potential0: -2.934067e+09
max_relative_error: 4.354343e-08
PAPI Cycles
19904651281
19904263827
19904480312
19904377315
19904221441
19903966538
19904212742
19904237976
19904355016
19904185958

PAPI Instructions
23874367414
23874365338
23874365339
23874365335
23874365339
23874365338
23874365333
23874365337
23874365338
23874365340

PAPI L1 Misses
3786301663
3786346405
3786340954
3786322449
3786308139
3786331545
3786320628
3786342387
3786331509
3786347763

PAPI L2 Misses
169075
170057
171288
169509
171731
168222
169326
170225
169899
176609

PAPI Vectorial DP
0
0
0
0
0
0
0
0
0
0

File Read
2.881662e-03

File Write
4.060810e-03

Total Run
1.612560e+01

Total Step
5.020451e+00
5.020278e+00
5.019282e+00
5.020476e+00
5.021281e+00
5.023315e+00
5.021280e+00
5.021349e+00
5.020476e+00
5.020075e+00

First Drift
1.428314e-04
8.701067e-05
8.743070e-05
8.749031e-05
8.714106e-05
1.521520e-04
1.021512e-04
8.781999e-05
8.749124e-05
8.734968e-05

Compute Force
5.019983e+00
5.019903e+00
5.018906e+00
5.020108e+00
5.020871e+00
5.022890e+00
5.020908e+00
5.020989e+00
5.020089e+00
5.019710e+00

Kick
1.286706e-04
1.289407e-04
1.300322e-04
1.308210e-04
1.449911e-04
1.217714e-04
1.181914e-04
1.318716e-04
1.319116e-04
1.296913e-04

Second Drift
1.305807e-04
1.225518e-04
1.371419e-04
1.273006e-04
1.483811e-04
1.281714e-04
1.287907e-04
1.213606e-04
1.328308e-04
1.284713e-04

--- Configuration ---
nsteps: 10
dt: 1.000000e-04
eps: 5.000000e-02
G: 1.000000e+00
mass: 1.000000e+00
energy_every: 10
energy_tol: 1.000000e-03
kernel_choice: bt
kinetic0: 1.469728e+09
potential0: -2.934067e+09
max_relative_error: 4.354343e-08
PAPI Cycles
21500095527
21499624923
21499494856
21499626804
21499311804
21499053580
21499359741
21499477072
21499515090
21499633170

PAPI Instructions
23874367785
23874365712
23874365710
23874365709
23874365715
23874365713
23874365712
23874365618
23874365713
23874365709

PAPI L1 Misses
3796711548
3796716270
3796740307
3796698178
3796735080
3796765644
3796754479
3796699413
3796725777
3796711176

PAPI L2 Misses
163337
162302
165970
164721
160717
157484
162349
158351
164725
163847

PAPI Vectorial DP
0
0
0
0
0
0
0
0
0
0

File Read
2.714390e-03

File Write
6.695272e-03

Total Run
1.610581e+01

Total Step
4.818406e+00
4.816536e+00
4.818336e+00
4.816034e+00
4.817798e+00
4.816568e+00
4.817435e+00
4.816846e+00
4.818022e+00
4.819058e+00

First Drift
1.407908e-04
8.727051e-05
8.747075e-05
8.756109e-05
8.722022e-05
8.766074e-05
8.745119e-05
8.716993e-05
8.772127e-05
8.743070e-05

Compute Force
4.817928e+00
4.816167e+00
4.817944e+00
4.815660e+00
4.817426e+00
4.816208e+00
4.817076e+00
4.816479e+00
4.817657e+00
4.818691e+00

Kick
1.351405e-04
1.302510e-04
1.314692e-04
1.296727e-04
1.317114e-04
1.299614e-04
1.297006e-04
1.308508e-04
1.305407e-04
1.282506e-04

Second Drift
1.331316e-04
1.295311e-04
1.338609e-04
1.344895e-04
1.231311e-04
1.256112e-04
1.262715e-04
1.307111e-04
1.261709e-04
1.284210e-04

--- Configuration ---
nsteps: 10
dt: 1.000000e-04
eps: 5.000000e-02
G: 1.000000e+00
mass: 1.000000e+00
energy_every: 10
energy_tol: 1.000000e-03
kernel_choice: bt
kinetic0: 1.469728e+09
potential0: -2.934067e+09
max_relative_error: 4.354343e-08
PAPI Cycles
20640965617
20640476138
20640618833
20640671925
20640753048
20640533958
20640572144
20640779079
20640679672
20640503139

PAPI Instructions
23874367580
23874365471
23874365509
23874365506
23874365510
23874365470
23874365472
23874365508
23874365474
23874365472

PAPI L1 Misses
3781855506
3781811658
3781799151
3781844956
3781821755
3781811853
3781853865
3781831190
3781849276
3781851092

PAPI L2 Misses
155941
155091
157194
154648
156642
156715
155504
155811
157121
157390

PAPI Vectorial DP
0
0
0
0
0
0
0
0
0
0

