File Read
2.624904e-03

File Write
3.344279e-03

Total Run
1.614749e+01

Total Step
7.589032e+00
7.587883e+00
7.585353e+00
7.586983e+00
7.586867e+00
7.586025e+00
7.587017e+00
7.586532e+00
7.587252e+00
7.586534e+00

First Drift
1.415806e-04
8.674990e-05
8.737948e-05
8.753035e-05
8.684956e-05
8.694176e-05
8.686073e-05
9.120069e-05
8.720066e-05
8.696970e-05

Compute Force
7.588601e+00
7.587548e+00
7.585002e+00
7.586649e+00
7.586543e+00
7.585697e+00
7.586692e+00
7.586189e+00
7.586917e+00
7.586208e+00

Kick
1.302101e-04
1.317402e-04
1.307409e-04
1.307903e-04
1.299605e-04
1.297807e-04
1.306105e-04
1.322003e-04
1.311004e-04
1.299204e-04

Second Drift
8.887146e-05
8.855108e-05
9.268057e-05
9.224936e-05
8.806027e-05
8.822978e-05
8.765049e-05
8.780137e-05
8.869078e-05
8.820929e-05

--- Configuration ---
nsteps: 10
dt: 1.000000e-04
eps: 5.000000e-02
G: 1.000000e+00
mass: 1.000000e+00
energy_every: 10
energy_tol: 1.000000e-03
kernel_choice: n
kinetic0: 1.469728e+09
potential0: -2.934067e+09
max_relative_error: 4.354343e-08
PAPI Cycles
32462313261
32461474129
32461473791
32461397628
32461567137
32461812419
32461578874
32461606120
32461649565
32461355067

PAPI Instructions
27500184364
27500183091
27500183092
27500183089
27500183089
27500183092
27500183090
27500183092
27500183093
27500183091

PAPI L1 Misses
469394337
469384111
469385978
469387839
469384047
469384661
469384556
469386269
469386686
469384717

PAPI L2 Misses
1041196
1029508
1038099
1043377
1036220
1035463
1026348
1035321
1031966
1034070

PAPI Vectorial DP
0
0
0
0
0
0
0
0
0
0

File Read
2.698553e-03

File Write
3.881162e-03

Total Run
1.616081e+01

Total Step
7.593320e+00
7.589594e+00
7.589170e+00
7.623683e+00
7.658044e+00
7.644244e+00
7.589517e+00
7.618617e+00
7.639026e+00
7.644690e+00

First Drift
1.508417e-04
8.792151e-05
8.814037e-05
9.248126e-05
8.777063e-05
8.834992e-05
9.475183e-05
8.832011e-05
8.768961e-05
8.838065e-05

Compute Force
7.592875e+00
7.589258e+00
7.588827e+00
7.623301e+00
7.657708e+00
7.643911e+00
7.589179e+00
7.618265e+00
7.638676e+00
7.644360e+00

Kick
1.367424e-04
1.290906e-04
1.295712e-04
1.696609e-04
1.315903e-04
1.315009e-04
1.310809e-04
1.312904e-04
1.475913e-04
1.320709e-04

Second Drift
8.901022e-05
8.927006e-05
8.889101e-05
9.947084e-05
9.247009e-05
9.049103e-05
8.977111e-05
9.824056e-05
8.972082e-05
8.865073e-05

--- Configuration ---
nsteps: 10
dt: 1.000000e-04
eps: 5.000000e-02
G: 1.000000e+00
mass: 1.000000e+00
energy_every: 10
energy_tol: 1.000000e-03
kernel_choice: n
kinetic0: 1.469728e+09
potential0: -2.934067e+09
max_relative_error: 4.354343e-08
PAPI Cycles
32463717832
32463575758
32463637470
32463599688
32464012259
32463935981
32463403902
32463838823
32464043897
32463798818

PAPI Instructions
27500184368
27500183093
27500183098
27500183126
27500183163
27500183146
27500183094
27500183126
27500183144
27500183151

PAPI L1 Misses
469465563
469464119
469462773
469458630
469461840
469462231
469464352
469461350
469463156
469463142

PAPI L2 Misses
1151458
1144921
1144568
2956189
7082103
4325452
1172151
2448224
5177010
4527772

PAPI Vectorial DP
0
0
0
0
0
0
0
0
0
0

File Read
2.954843e-03

File Write
4.123483e-03

Total Run
1.612044e+01

Total Step
7.589227e+00
7.586713e+00
7.587356e+00
7.586620e+00
7.587579e+00
7.587682e+00
7.588697e+00
7.586194e+00
7.587557e+00
7.586644e+00

First Drift
1.400812e-04
8.707028e-05
8.703116e-05
8.709077e-05
8.718111e-05
8.700974e-05
8.731056e-05
8.724071e-05
8.708984e-05
9.168964e-05

Compute Force
7.588798e+00
7.586376e+00
7.587005e+00
7.586288e+00
7.587250e+00
7.587353e+00
7.588365e+00
7.585854e+00
7.587219e+00
7.586309e+00

Kick
1.344113e-04
1.340909e-04
1.336010e-04
1.342408e-04
1.343209e-04
1.346106e-04
1.376513e-04
1.318306e-04
1.358110e-04
1.345808e-04

Second Drift
8.679088e-05
8.726958e-05
8.790102e-05
8.874107e-05
8.747075e-05
8.710101e-05
8.782092e-05
8.794013e-05
8.591078e-05
8.730125e-05

--- Configuration ---
nsteps: 10
dt: 1.000000e-04
eps: 5.000000e-02
G: 1.000000e+00
mass: 1.000000e+00
energy_every: 10
energy_tol: 1.000000e-03
kernel_choice: n
kinetic0: 1.469728e+09
potential0: -2.934067e+09
max_relative_error: 4.354343e-08
PAPI Cycles
32457783673
32457436198
32457462223
32457512616
32457299717
32457447317
32457216816
32457633956
32457403779
32457440270

PAPI Instructions
27500184359
27500183092
27500183095
27500183092
27500183091
27500183094
27500183094
27500183088
27500183093
27500183089

PAPI L1 Misses
469366573
469371496
469370955
469371843
469372122
469370284
469372721
469371643
469376177
469374918

PAPI L2 Misses
1297925
1297483
1289691
1312708
1310994
1288290
1291966
1296151
1291373
1300312

PAPI Vectorial DP
0
0
0
0
0
0
0
0
0
0

File Read
2.859477e-03

File Write
3.724399e-03

Total Run
1.612177e+01

Total Step
7.588964e+00
7.588027e+00
7.588165e+00
7.588610e+00
7.587861e+00
7.588594e+00
7.588037e+00
7.586657e+00
7.589084e+00
7.587387e+00

First Drift
1.427410e-04
8.764025e-05
8.754060e-05
8.798018e-05
8.749124e-05
8.747075e-05
8.725002e-05
8.745026e-05
8.780044e-05
8.749962e-05

Compute Force
7.588530e+00
7.587688e+00
7.587815e+00
7.588275e+00
7.587526e+00
7.588262e+00
7.587705e+00
7.586316e+00
7.588745e+00
7.587055e+00

Kick
1.361109e-04
1.367312e-04
1.351805e-04
1.375303e-04
1.350008e-04
1.369612e-04
1.345305e-04
1.343004e-04
1.339810e-04
1.360914e-04

Second Drift
8.850079e-05
8.718949e-05
8.727144e-05
8.794945e-05
9.137113e-05
8.661114e-05
8.708052e-05
8.665025e-05
8.664094e-05
8.636992e-05

--- Configuration ---
nsteps: 10
dt: 1.000000e-04
eps: 5.000000e-02
G: 1.000000e+00
mass: 1.000000e+00
energy_every: 10
energy_tol: 1.000000e-03
kernel_choice: n
kinetic0: 1.469728e+09
potential0: -2.934067e+09
max_relative_error: 4.354343e-08
PAPI Cycles
32461195373
32460843323
32460913447
32460758343
32460578963
32460782625
32460614646
32460905670
32460631432
32460839144

PAPI Instructions
27500184363
27500183091
27500183095
27500183092
27500183093
27500183091
27500183093
27500183091
27500183092
27500183092

PAPI L1 Misses
469354533
469359905
469361367
469362042
469361661
469361857
469362211
469366628
469364138
469366069

PAPI L2 Misses
1103352
1110923
1110494
1117409
1114013
1122217
1114980
1118161
1108412
1109061

PAPI Vectorial DP
0
0
0
0
0
0
0
0
0
0

File Read
2.796852e-03

File Write
4.211472e-03

Total Run
1.612332e+01

Total Step
7.591305e+00
7.588415e+00
7.586669e+00
7.588945e+00
7.588992e+00
7.586236e+00
7.587010e+00
7.584987e+00
7.586200e+00
7.591546e+00

First Drift
1.363102e-04
8.716062e-05
8.730125e-05
9.285007e-05
1.008809e-04
8.734129e-05
8.732080e-05
8.737110e-05
8.746050e-05
8.739159e-05

Compute Force
7.590893e+00
7.588076e+00
7.586318e+00
7.588597e+00
7.588646e+00
7.585896e+00
7.586674e+00
7.584643e+00
7.585866e+00
7.591229e+00

Kick
1.361705e-04
1.345901e-04
1.352308e-04
1.224093e-04
1.351610e-04
1.421217e-04
1.417007e-04
1.375508e-04
1.314003e-04
1.250412e-04

Second Drift
8.639041e-05
8.836109e-05
8.761138e-05
1.111310e-04
8.755084e-05
8.817110e-05
8.717086e-05
8.864049e-05
8.681044e-05
8.654129e-05

--- Configuration ---
nsteps: 10
dt: 1.000000e-04
eps: 5.000000e-02
G: 1.000000e+00
mass: 1.000000e+00
energy_every: 10
energy_tol: 1.000000e-03
kernel_choice: n
kinetic0: 1.469728e+09
potential0: -2.934067e+09
max_relative_error: 4.354343e-08
PAPI Cycles
32454598738
32454269856
32454035067
32453336970
32453468832
32453713054
32453572817
32453564212
32453698192
32453556506

PAPI Instructions
27500184365
27500183093
27500183092
27500183093
27500183095
27500183089
27500183057
27500183086
27500183092
27500183095

PAPI L1 Misses
469331313
469334413
469335596
469339412
469335332
469332397
469333377
469333478
469336578
469337567

PAPI L2 Misses
1262223
1265736
1267391
1261846
1284930
1289096
1284623
1288049
1275482
1288088

PAPI Vectorial DP
0
0
0
0
0
0
0
0
0
0

