File Read
3.136912e-03

File Write
2.950042e-03

Total Run
1.630320e+01

Total Step
7.728307e+00
7.709600e+00
7.709838e+00
7.711118e+00
7.709514e+00
7.709421e+00
7.714366e+00
7.709872e+00
7.709415e+00
7.726389e+00

First Drift
1.905523e-04
1.187520e-04
1.181411e-04
1.232205e-04
1.469124e-04
1.188712e-04
1.227204e-04
1.183907e-04
1.177918e-04
1.183208e-04

Compute Force
7.727774e+00
7.709163e+00
7.709386e+00
7.710633e+00
7.709051e+00
7.709001e+00
7.713912e+00
7.709438e+00
7.708990e+00
7.725947e+00

Kick
1.639016e-04
1.602527e-04
1.734123e-04
1.763320e-04
1.581814e-04
1.555122e-04
1.662718e-04
1.701917e-04
1.601027e-04
1.563020e-04

Second Drift
1.205318e-04
1.254305e-04
1.204815e-04
1.670821e-04
1.198212e-04
1.201015e-04
1.200018e-04
1.197811e-04
1.199311e-04
1.258422e-04

--- Configuration ---
nsteps: 10
dt: 1.000000e-04
eps: 5.000000e-02
G: 1.000000e+00
mass: 1.000000e+00
energy_every: 10
energy_tol: 1.000000e-03
kernel_choice: r
kinetic0: 1.469728e+09
potential0: -2.934067e+09
max_relative_error: 4.354348e-08
PAPI Cycles
32964794880
32964123344
32963958897
32964356125
32964013164
32964596777
32964344980
32964367493
32964396673
32964217912

PAPI Instructions
48750184444
48750183220
48750183221
48750183127
48750183220
48750183219
48750183219
48750183244
48750183219
48750183222

PAPI L1 Misses
469349551
469342970
469344695
469345124
469343483
469344662
469345101
469347839
469344829
469347295

PAPI L2 Misses
913266
924284
929955
928670
919493
933109
930438
922628
928142
924821

PAPI Vectorial DP
0
0
0
0
0
0
0
0
0
0

