File Read
2.925715e-03

File Write
2.831847e-03

Total Run
1.610378e+01

Total Step
1.463496e+01
1.463307e+01
1.463459e+01
1.463315e+01
1.463361e+01
1.463258e+01
1.463346e+01
1.463253e+01
1.463381e+01
1.492563e+01

First Drift
1.413412e-04
8.766074e-05
8.748099e-05
8.719042e-05
8.718111e-05
8.705072e-05
8.712057e-05
8.765049e-05
8.743070e-05
8.714944e-05

Compute Force
1.463448e+01
1.463268e+01
1.463421e+01
1.463278e+01
1.463322e+01
1.463219e+01
1.463310e+01
1.463215e+01
1.463344e+01
1.492526e+01

Kick
1.313910e-04
1.352606e-04
1.296615e-04
1.307707e-04
1.290217e-04
1.308713e-04
1.311423e-04
1.292909e-04
1.317207e-04
1.272010e-04

Second Drift
1.385408e-04
1.298608e-04
1.245514e-04
1.229905e-04
1.285709e-04
1.339223e-04
1.215516e-04
1.334026e-04
1.257611e-04
1.375815e-04

--- Configuration ---
nsteps: 10
dt: 1.000000e-04
eps: 5.000000e-02
G: 1.000000e+00
mass: 1.000000e+00
energy_every: 10
energy_tol: 1.000000e-03
kernel_choice: rt
kinetic0: 1.469728e+09
potential0: -2.934067e+09
max_relative_error: 4.354621e-08
PAPI Cycles
62667326310
62666076452
62666840981
62667067957
62666673141
62666457286
62666750441
62666183026
62666202250
62671053185

PAPI Instructions
160000182862
160000180828
160000180828
160000180828
160000180827
160000180825
160000180829
160000180824
160000180824
160000181102

PAPI L1 Misses
4205427485
4205393585
4205458963
4205383382
4205402375
4205421730
4205449647
4205454187
4205454111
4205491001

PAPI L2 Misses
112646123
112632278
112632428
112616334
112628210
112632773
112653802
112652393
112664345
114100152

PAPI Vectorial DP
0
0
0
0
0
0
0
0
0
0

File Read
3.415240e-03

File Write
3.803934e-03

Total Run
1.657606e+01

Total Step
4.249782e+00
4.230885e+00
4.239009e+00
4.267658e+00
4.234292e+00
4.230325e+00
4.230308e+00
4.229414e+00
4.231045e+00
4.229482e+00

First Drift
2.057021e-04
1.735622e-04
1.494316e-04
1.988020e-04
1.903921e-04
1.540314e-04
1.576608e-04
1.528012e-04
1.418311e-04
1.495518e-04

Compute Force
4.249064e+00
4.230282e+00
4.238295e+00
4.266980e+00
4.233686e+00
4.229740e+00
4.229772e+00
4.228906e+00
4.230547e+00
4.228880e+00

Kick
2.490617e-04
2.151420e-04
2.642116e-04
2.449621e-04
2.098922e-04
2.164021e-04
1.936518e-04
1.864219e-04
1.863725e-04
2.356824e-04

Second Drift
1.908112e-04
1.789024e-04
2.266616e-04
1.973314e-04
1.789425e-04
1.732511e-04
1.604808e-04
1.462111e-04
1.481809e-04
1.796018e-04

--- Configuration ---
nsteps: 10
dt: 1.000000e-04
eps: 5.000000e-02
G: 1.000000e+00
mass: 1.000000e+00
energy_every: 10
energy_tol: 1.000000e-03
kernel_choice: rt
kinetic0: 1.469728e+09
potential0: -2.934067e+09
max_relative_error: 4.354348e-08
PAPI Cycles
17698141383
17652858988
17680577629
17759000483
17664246832
17657584869
17654788910
17653415434
17655745415
17657711092

PAPI Instructions
23766559614
23766557560
23766557569
23766557596
23766557565
23766557560
23766557560
23766557557
23766557559
23766557562

PAPI L1 Misses
3910715282
3910693112
3910694732
3910695872
3910664380
3910746508
3910745505
3910623112
3910682497
3910603086

PAPI L2 Misses
34544851
33727191
35050098
35441771
33716178
33682969
33668810
33667694
33550710
33587879

PAPI Vectorial DP
0
0
0
0
0
0
0
0
0
0

