File Read
2.872474e-03

File Write
3.207257e-03

Total Run
1.613894e+01

Total Step
4.473870e+00
4.473121e+00
4.473818e+00
4.473112e+00
4.473178e+00
4.472803e+00
4.473513e+00
4.473851e+00
4.474347e+00
4.475126e+00

First Drift
1.483308e-04
8.756947e-05
8.808076e-05
8.839928e-05
8.768123e-05
9.228941e-05
8.748099e-05
8.744095e-05
8.790102e-05
8.773059e-05

Compute Force
4.473409e+00
4.472752e+00
4.473430e+00
4.472746e+00
4.472807e+00
4.472421e+00
4.473152e+00
4.473479e+00
4.473971e+00
4.474762e+00

Kick
1.284210e-04
1.286007e-04
1.284126e-04
1.282813e-04
1.289314e-04
1.294110e-04
1.290413e-04
1.341309e-04
1.279507e-04
1.295414e-04

Second Drift
1.280615e-04
1.307903e-04
1.281910e-04
1.268210e-04
1.325225e-04
1.269812e-04
1.258813e-04
1.289602e-04
1.274208e-04
1.217108e-04

--- Configuration ---
nsteps: 10
dt: 1.000000e-04
eps: 5.000000e-02
G: 1.000000e+00
mass: 1.000000e+00
energy_every: 10
energy_tol: 1.000000e-03
kernel_choice: t
kinetic0: 1.469728e+09
potential0: -2.934067e+09
max_relative_error: 4.354343e-08
PAPI Cycles
19154545109
19155429254
19155031471
19154919839
19155314599
19153943767
19154787867
19154283993
19155353746
19157005092

PAPI Instructions
17514309863
17514307827
17514307829
17514307827
17514307828
17514307828
17514307827
17514307828
17514307828
17514307833

PAPI L1 Misses
3994866619
3995789502
3995658928
3995074601
3995784112
3995264796
3995383347
3995570273
3995922738
3996247262

PAPI L2 Misses
44237829
44255875
44270954
44327792
44279188
44191625
44382029
44314390
44392925
44411800

PAPI Vectorial DP
0
0
0
0
0
0
0
0
0
0

File Read
3.179317e-03

File Write
4.162326e-03

Total Run
1.656084e+01

Total Step
4.522905e+00
4.516070e+00
4.511163e+00
4.515738e+00
4.530395e+00
4.519578e+00
4.516954e+00
4.524626e+00
4.524193e+00
4.518403e+00

First Drift
1.787823e-04
3.101025e-04
1.761708e-04
1.732418e-04
1.822822e-04
1.279507e-04
1.741210e-04
1.761317e-04
1.855111e-04
1.664115e-04

Compute Force
4.521969e+00
4.515370e+00
4.510602e+00
4.515194e+00
4.529890e+00
4.519087e+00
4.516416e+00
4.524036e+00
4.523645e+00
4.517773e+00

Kick
3.366116e-04
1.628306e-04
1.549413e-04
1.602117e-04
1.310809e-04
1.535807e-04
1.531225e-04
1.807623e-04
1.563011e-04
2.050623e-04

Second Drift
3.424529e-04
1.798524e-04
1.810323e-04
1.832424e-04
1.551211e-04
1.845118e-04
1.834007e-04
2.065720e-04
1.789723e-04
2.273424e-04

--- Configuration ---
nsteps: 10
dt: 1.000000e-04
eps: 5.000000e-02
G: 1.000000e+00
mass: 1.000000e+00
energy_every: 10
energy_tol: 1.000000e-03
kernel_choice: t
kinetic0: 1.469728e+09
potential0: -2.934067e+09
max_relative_error: 4.354343e-08
PAPI Cycles
18868104592
18845987142
18843487382
18846072539
18877986061
18849419404
18842772668
18863604938
18861329564
18846146798

PAPI Instructions
17514309908
17514307873
17514307864
17514307874
17514307884
17514307876
17514307869
17514307880
17514307875
17514307874

PAPI L1 Misses
3880859199
3880457286
3880543675
3880427747
3879997049
3881000459
3880023835
3880369361
3880155408
3880255016

PAPI L2 Misses
36256851
35552450
35229152
35151166
36451154
35560450
35208414
36580581
36073897
35277528

PAPI Vectorial DP
0
0
0
0
0
0
0
0
0
0

File Read
3.127018e-03

File Write
3.456511e-03

Total Run
1.658643e+01

Total Step
4.446905e+00
4.445140e+00
4.441256e+00
4.445586e+00
4.467234e+00
4.459413e+00
4.461475e+00
4.446296e+00
4.441137e+00
4.442688e+00

First Drift
2.193106e-04
1.448216e-04
1.542717e-04
1.424514e-04
1.466107e-04
1.663016e-04
1.480505e-04
1.812009e-04
1.499606e-04
1.469916e-04

Compute Force
4.446300e+00
4.444680e+00
4.440764e+00
4.445108e+00
4.466706e+00
4.458899e+00
4.460933e+00
4.445780e+00
4.440657e+00
4.442235e+00

Kick
1.433408e-04
1.362404e-04
1.391619e-04
1.599211e-04
1.756903e-04
1.649112e-04
1.836121e-04
1.447713e-04
1.451513e-04
1.348220e-04

Second Drift
1.471909e-04
1.511211e-04
1.544207e-04
1.505818e-04
1.678104e-04
1.587924e-04
1.817122e-04
1.585921e-04
1.589917e-04
1.464617e-04

--- Configuration ---
nsteps: 10
dt: 1.000000e-04
eps: 5.000000e-02
G: 1.000000e+00
mass: 1.000000e+00
energy_every: 10
energy_tol: 1.000000e-03
kernel_choice: t
kinetic0: 1.469728e+09
potential0: -2.934067e+09
max_relative_error: 4.354343e-08
PAPI Cycles
18563377310
18562625221
18562675804
18564408662
18614641416
18615765483
18596743094
18571611830
18562971756
18562256858

PAPI Instructions
17514309833
17514307799
17514307797
17514307800
17514307823
17514307813
17514307815
17514307797
17514307760
17514307795

PAPI L1 Misses
3822545156
3822159237
3821968209
3822016876
3821938552
3822040474
3821674072
3822057056
3822077408
3821923362

PAPI L2 Misses
29902832
29763845
29709648
29795965
30967387
30670475
31832007
29924116
29658580
29783083

PAPI Vectorial DP
0
0
0
0
0
0
0
0
0
0

