File Read
2.998747e-03

File Write
2.858755e-03

Total Run
1.654844e+01

Total Step
4.410571e+00
4.409072e+00
4.407541e+00
4.411903e+00
4.406567e+00
4.406639e+00
4.407069e+00
4.411194e+00
4.408949e+00
4.406829e+00

First Drift
1.801513e-04
9.549130e-05
8.824002e-05
9.005144e-05
1.215311e-04
8.925982e-05
8.929055e-05
8.906052e-05
9.415112e-05
9.581074e-05

Compute Force
4.410094e+00
4.408683e+00
4.407161e+00
4.411519e+00
4.406174e+00
4.406281e+00
4.406733e+00
4.410861e+00
4.408567e+00
4.406451e+00

Kick
1.446512e-04
1.711827e-04
1.505623e-04
1.479508e-04
1.459904e-04
1.402404e-04
1.342511e-04
1.330823e-04
1.520514e-04
1.520813e-04

Second Drift
9.690132e-05
9.896047e-05
1.048716e-04
1.243213e-04
1.018718e-04
9.345170e-05
9.023119e-05
9.128917e-05
1.005810e-04
1.053009e-04

--- Configuration ---
nsteps: 10
dt: 1.000000e-04
eps: 5.000000e-02
G: 1.000000e+00
mass: 1.000000e+00
energy_every: 10
energy_tol: 1.000000e-03
kernel_choice: br
kinetic0: 1.469728e+09
potential0: -2.934067e+09
max_relative_error: 4.735181e-06
PAPI Cycles
18409178171
18407856501
18409357887
18409029512
18409002861
18408097589
18408172454
18410418991
18409595985
18408618609

PAPI Instructions
37051845686
37051842714
37051842718
37051842719
37051842716
37051842714
37051842715
37051842719
37051842718
37051842713

PAPI L1 Misses
33613485
33598189
33605674
33598693
33604597
33604530
33609776
33604059
33604489
33604914

PAPI L2 Misses
372334
365432
372973
377540
367575
365386
366514
381468
371686
367545

PAPI Vectorial DP
0
0
0
0
0
0
0
0
0
0

