File Read
2.931010e-03

File Write
2.683158e-03

Total Run
1.652013e+01

Total Step
5.997696e+00
6.005559e+00
5.995714e+00
5.994758e+00
5.983373e+00
5.986390e+00
5.995449e+00
6.002482e+00
6.005432e+00
5.992797e+00

First Drift
1.611607e-04
8.929148e-05
8.886121e-05
8.957088e-05
8.915178e-05
8.868147e-05
9.455066e-05
8.969102e-05
8.954108e-05
8.860137e-05

Compute Force
5.997251e+00
6.005219e+00
5.995380e+00
5.994383e+00
5.983036e+00
5.985994e+00
5.995081e+00
6.002141e+00
6.005029e+00
5.992453e+00

Kick
1.353510e-04
1.307316e-04
1.341421e-04
1.449212e-04
1.294110e-04
1.716418e-04
1.538508e-04
1.333505e-04
1.875618e-04
1.408206e-04

Second Drift
9.222142e-05
9.203050e-05
8.900091e-05
9.606127e-05
9.402074e-05
9.997096e-05
9.708107e-05
9.124074e-05
9.636115e-05
9.025075e-05

--- Configuration ---
nsteps: 10
dt: 1.000000e-04
eps: 5.000000e-02
G: 1.000000e+00
mass: 1.000000e+00
energy_every: 10
energy_tol: 1.000000e-03
kernel_choice: brm2
kinetic0: 1.469728e+09
potential0: -2.934067e+09
max_relative_error: 4.735181e-06
PAPI Cycles
25066571106
25069210659
25066297374
25067921245
25066760960
25066274744
25066560101
25070203760
25068526293
25066147940

PAPI Instructions
47611385638
47611382677
47611382666
47611382664
47611382653
47611382657
47611382663
47611382673
47611382678
47611382659

PAPI L1 Misses
35370166
35409793
35383801
35414930
35377472
35389746
35416137
35407373
35406913
35386138

PAPI L2 Misses
330341
348868
326918
335304
323411
321054
323540
342313
349058
323264

PAPI Vectorial DP
0
0
0
0
0
0
0
0
0
0

