File Read
3.025202e-03

File Write
2.988836e-03

Total Run
1.650638e+01

Total Step
7.931980e+00
7.933369e+00
7.950612e+00
7.944871e+00
7.935816e+00
7.930197e+00
7.932625e+00
7.943690e+00
7.938028e+00
7.931152e+00

First Drift
1.411922e-04
9.576976e-05
8.902047e-05
9.589177e-05
8.866005e-05
8.788053e-05
9.021163e-05
9.024050e-05
9.031966e-05
8.904934e-05

Compute Force
7.931561e+00
7.932941e+00
7.950262e+00
7.944463e+00
7.935404e+00
7.929836e+00
7.932249e+00
7.943255e+00
7.937665e+00
7.930740e+00

Kick
1.302725e-04
1.369305e-04
1.352821e-04
1.823111e-04
1.929626e-04
1.467820e-04
1.410302e-04
1.816610e-04
1.422223e-04
1.993515e-04

Second Drift
9.347126e-05
1.664013e-04
9.051058e-05
1.014108e-04
8.998066e-05
9.981170e-05
1.006415e-04
1.310511e-04
9.156112e-05
9.770971e-05

--- Configuration ---
nsteps: 10
dt: 1.000000e-04
eps: 5.000000e-02
G: 1.000000e+00
mass: 1.000000e+00
energy_every: 10
energy_tol: 1.000000e-03
kernel_choice: brm4
kinetic0: 1.469728e+09
potential0: -2.934067e+09
max_relative_error: 4.735181e-06
PAPI Cycles
33213611283
33213024193
33220904272
33218793399
33216610424
33216986723
33217043894
33218021603
33216996927
33217717753

PAPI Instructions
59179601425
59179598465
59179598478
59179598471
59179598469
59179598427
59179598462
59179598436
59179598468
59179598459

PAPI L1 Misses
39222960
39252877
39238917
39238103
39285534
39273420
39262357
39343030
39298221
39289096

PAPI L2 Misses
550016
538952
571788
573282
551449
548517
545317
559517
558966
567695

PAPI Vectorial DP
0
0
0
0
0
0
0
0
0
0

