File Read
3.118557e-03

File Write
2.642623e-03

Total Run
1.647869e+01

Total Step
1.058657e+01
1.058320e+01
1.058526e+01
1.058445e+01
1.058772e+01
1.057934e+01
1.058694e+01
1.061855e+01
1.060158e+01
1.060774e+01

First Drift
1.449613e-04
8.901116e-05
8.868054e-05
9.013060e-05
8.901116e-05
8.972920e-05
9.079091e-05
9.042118e-05
8.901116e-05
8.903071e-05

Compute Force
1.058613e+01
1.058285e+01
1.058489e+01
1.058409e+01
1.058736e+01
1.057897e+01
1.058655e+01
1.061821e+01
1.060122e+01
1.060739e+01

Kick
1.320019e-04
1.365710e-04
1.396211e-04
1.416709e-04
1.423517e-04
1.504216e-04
1.735808e-04
1.311610e-04
1.410507e-04
1.319107e-04

Second Drift
9.249989e-05
9.306986e-05
9.988062e-05
9.579118e-05
9.254925e-05
1.135105e-04
1.071412e-04
9.228103e-05
9.968039e-05
1.001814e-04

--- Configuration ---
nsteps: 10
dt: 1.000000e-04
eps: 5.000000e-02
G: 1.000000e+00
mass: 1.000000e+00
energy_every: 10
energy_tol: 1.000000e-03
kernel_choice: brm8
kinetic0: 1.469728e+09
potential0: -2.934067e+09
max_relative_error: 4.735181e-06
PAPI Cycles
44372797784
44368062161
44370689276
44367519233
44371325485
44377341956
44377857237
44391977683
44371785384
44374218634

PAPI Instructions
83578014419
83578011481
83578011481
83578011478
83578011486
83578011475
83578011478
83578011515
83578011494
83578011412

PAPI L1 Misses
57658104
57654064
57555998
57589196
57612905
57601762
57540737
57724254
57920096
57955568

PAPI L2 Misses
2097915
2094297
2069744
2074979
2070535
2088133
2076893
2065085
2137767
2163473

PAPI Vectorial DP
0
0
0
0
0
0
0
0
0
0

