File Read
3.021346e-03

File Write
2.828933e-03

Total Run
1.656186e+01

Total Step
1.166101e+01
1.165902e+01
1.164615e+01
1.166077e+01
1.166679e+01
1.166600e+01
1.165849e+01
1.164458e+01
1.164449e+01
1.165525e+01

First Drift
1.314115e-04
8.871127e-05
8.890126e-05
8.876156e-05
8.942001e-05
8.930173e-05
8.957088e-05
8.978974e-05
8.909032e-05
9.433087e-05

Compute Force
1.166059e+01
1.165868e+01
1.164579e+01
1.166041e+01
1.166640e+01
1.166566e+01
1.165813e+01
1.164424e+01
1.164414e+01
1.165490e+01

Kick
1.385417e-04
1.334315e-04
1.350613e-04
1.377407e-04
1.736013e-04
1.448710e-04
1.408411e-04
1.362711e-04
1.358707e-04
1.406614e-04

Second Drift
9.705033e-05
8.913130e-05
8.802954e-05
8.955039e-05
9.292085e-05
8.939113e-05
9.273086e-05
8.827075e-05
8.894131e-05
8.932129e-05

--- Configuration ---
nsteps: 10
dt: 1.000000e-04
eps: 5.000000e-02
G: 1.000000e+00
mass: 1.000000e+00
energy_every: 10
energy_tol: 1.000000e-03
kernel_choice: m16
kinetic0: 1.469728e+09
potential0: -2.934067e+09
max_relative_error: 4.354343e-08
PAPI Cycles
48673948859
48677868546
48675236639
48676151970
48673992578
48672854514
48677318097
48678783669
48676869109
48674267691

PAPI Instructions
59019113539
59019112264
59019112183
59019112200
59019112204
59019112199
59019112193
59019112180
59019112176
59019112187

PAPI L1 Misses
3776988027
3776965423
3776963034
3776963176
3776944350
3776942944
3776953657
3776954586
3776949648
3776948628

PAPI L2 Misses
36290830
35128562
34743397
34903969
34824252
34822400
35442961
35077710
34855254
34808106

PAPI Vectorial DP
0
0
0
0
0
0
0
0
0
0

