File Read
4.698951e-03

File Write
2.842915e-03

Total Run
1.612469e+01

Total Step
7.848839e+00
7.846551e+00
7.846996e+00
7.846088e+00
7.846373e+00
7.846893e+00
7.843978e+00
7.846030e+00
7.842491e+00
7.844915e+00

First Drift
1.408812e-04
8.786097e-05
8.729100e-05
8.783117e-05
8.757040e-05
8.831080e-05
8.744095e-05
8.748099e-05
8.752011e-05
8.733105e-05

Compute Force
7.848415e+00
7.846211e+00
7.846634e+00
7.845754e+00
7.846023e+00
7.846549e+00
7.843620e+00
7.845688e+00
7.842143e+00
7.844579e+00

Kick
1.475019e-04
1.395224e-04
1.418907e-04
1.398707e-04
1.446614e-04
1.457706e-04
1.476817e-04
1.471713e-04
1.407610e-04
1.393519e-04

Second Drift
8.718111e-05
8.692127e-05
8.709077e-05
8.698087e-05
8.720160e-05
8.643139e-05
8.684117e-05
8.768123e-05
8.675084e-05
8.708052e-05

--- Configuration ---
nsteps: 10
dt: 1.000000e-04
eps: 5.000000e-02
G: 1.000000e+00
mass: 1.000000e+00
energy_every: 10
energy_tol: 1.000000e-03
kernel_choice: m4
kinetic0: 1.469728e+09
potential0: -2.934067e+09
max_relative_error: 4.354343e-08
PAPI Cycles
33592410951
33590197449
33590545727
33589315558
33589926063
33589850444
33583822282
33585909842
33585555962
33584279142

PAPI Instructions
37517309640
37517308367
37517308367
37517308364
37517308367
37517308368
37517308365
37517308365
37517308362
37517308365

PAPI L1 Misses
3755753456
3755738824
3755747049
3755743342
3755743997
3755750603
3755745535
3755736644
3755738488
3755739921

PAPI L2 Misses
10128993
10120271
10124629
10121705
10111114
10126085
10100397
10113560
10103564
10115127

PAPI Vectorial DP
0
0
0
0
0
0
0
0
0
0

