File Read
2.913896e-03

File Write
2.757034e-03

Total Run
1.653354e+01

Total Step
4.565605e+00
4.565739e+00
4.569484e+00
4.565821e+00
4.567335e+00
4.569879e+00
4.579546e+00
4.629932e+00
4.586660e+00
4.570608e+00

First Drift
1.445608e-04
1.297016e-04
9.209104e-05
9.671040e-05
9.164121e-05
9.227078e-05
9.314995e-05
9.382050e-05
1.318809e-04
9.455066e-05

Compute Force
4.565114e+00
4.565321e+00
4.569089e+00
4.565438e+00
4.566938e+00
4.569468e+00
4.579150e+00
4.629498e+00
4.586152e+00
4.570135e+00

Kick
1.371410e-04
1.360811e-04
1.356825e-04
1.368010e-04
1.409110e-04
1.504812e-04
1.458209e-04
1.615910e-04
1.860103e-04
1.981109e-04

Second Drift
1.483122e-04
1.319107e-04
1.345705e-04
1.304606e-04
1.366613e-04
1.477823e-04
1.336308e-04
1.583304e-04
1.659011e-04
1.593120e-04

--- Configuration ---
nsteps: 10
dt: 1.000000e-04
eps: 5.000000e-02
G: 1.000000e+00
mass: 1.000000e+00
energy_every: 10
energy_tol: 1.000000e-03
kernel_choice: n
kinetic0: 1.469728e+09
potential0: -2.934067e+09
PAPI Cycles
19099090741
19099605914
19117572807
19101264949
19108206716
19099327350
19117769790
19118755009
19121167451
19100611386

PAPI Instructions
17514309904
17514307915
17514307920
17514307914
17514307919
17514307919
17514307929
17514307979
17514308009
17514307991

PAPI L1 Misses
4000030347
3999815730
4001211992
4000688353
4000536654
4000303804
4001093146
4000919324
4000191945
4000219546

PAPI L2 Misses
43156729
43163100
43221057
43104054
43107099
43122112
43408700
43451362
44391259
43236218

PAPI Vectorial DP
0
0
0
0
0
0
0
0
0
0

