File Read
2.522724e-03

File Write
3.351112e-03

Total Run
1.614065e+01

Total Step
7.509273e-01
7.035010e-01
7.037642e-01
7.037853e-01
7.037754e-01
7.037500e-01
7.038350e-01
7.038548e-01
7.037774e-01
7.038548e-01
7.037091e-01
7.039323e-01
7.050086e-01
7.038014e-01
7.040066e-01
7.048328e-01
7.039781e-01
7.039708e-01
7.036870e-01
7.039772e-01
7.040568e-01
7.037961e-01
7.041737e-01
7.037904e-01
7.049729e-01
7.037666e-01
7.049621e-01
7.038211e-01
7.038265e-01
7.039310e-01
7.038473e-01
7.038015e-01
7.037412e-01
7.037671e-01
7.038273e-01
7.036906e-01
7.037287e-01
7.040243e-01
7.037450e-01
7.037439e-01
7.037721e-01
7.047891e-01
7.037280e-01
7.037082e-01
7.036799e-01
7.037744e-01
7.036724e-01
7.036842e-01
7.038447e-01
7.036644e-01
7.037510e-01
7.037444e-01
7.036475e-01
7.036879e-01
7.037108e-01
7.045785e-01
7.038441e-01
7.037124e-01
7.036594e-01
7.036711e-01
7.042363e-01
7.037246e-01
7.036884e-01
7.038521e-01
7.048054e-01
7.037174e-01
7.036889e-01
7.036623e-01
7.038261e-01
7.036314e-01
7.048385e-01
7.038012e-01
7.036600e-01
7.038405e-01
7.038429e-01
7.037032e-01
7.037991e-01
7.037022e-01
7.037099e-01
7.037236e-01
7.036768e-01
7.037015e-01
7.036559e-01
7.037551e-01
7.049514e-01
7.037182e-01
7.037212e-01
7.036838e-01
7.037312e-01
7.036916e-01
7.037276e-01
7.038527e-01
7.038979e-01
7.037154e-01
7.037386e-01
7.037474e-01
7.037404e-01
7.037192e-01
7.037397e-01
7.048466e-01

First Drift
1.387214e-04
9.060092e-05
8.921139e-05
9.027123e-05
8.887053e-05
8.959044e-05
9.063073e-05
9.000953e-05
8.942094e-05
8.947961e-05
9.107031e-05
9.019114e-05
8.950103e-05
8.993130e-05
9.027030e-05
8.935016e-05
9.482075e-05
8.841045e-05
8.911919e-05
8.975063e-05
9.020139e-05
8.863118e-05
8.990057e-05
9.024143e-05
9.064097e-05
8.930173e-05
8.931104e-05
8.956064e-05
8.958019e-05
8.886121e-05
9.044074e-05
8.842070e-05
8.900184e-05
8.980185e-05
8.940045e-05
8.939113e-05
9.051990e-05
9.009149e-05
9.118114e-05
9.090081e-05
8.950103e-05
8.997135e-05
8.982979e-05
8.900091e-05
9.056181e-05
9.044167e-05
8.875038e-05
8.991081e-05
8.984003e-05
8.987077e-05
8.973014e-05
9.099115e-05
9.069126e-05
9.005051e-05
9.025168e-05
8.978043e-05
1.100712e-04
9.058043e-05
8.986145e-05
8.972082e-05
9.010080e-05
8.923002e-05
8.962117e-05
8.934084e-05
8.976087e-05
9.024050e-05
8.980092e-05
8.974131e-05
8.944143e-05
8.994155e-05
8.882023e-05
9.017065e-05
8.983165e-05
8.971058e-05
8.981023e-05
9.062048e-05
8.872058e-05
9.038113e-05
8.940138e-05
8.969102e-05
9.072106e-05
8.950103e-05
8.944049e-05
8.959044e-05
9.016134e-05
8.977111e-05
8.980092e-05
8.876156e-05
9.026099e-05
9.478070e-05
8.963048e-05
9.029079e-05
9.023119e-05
9.022094e-05
8.933153e-05
9.114016e-05
9.139162e-05
9.043142e-05
8.998066e-05
9.085145e-05

Compute Force
7.489064e-01
7.016643e-01
7.019238e-01
7.019520e-01
7.019386e-01
7.019087e-01
7.019946e-01
7.020159e-01
7.019449e-01
7.020096e-01
7.018680e-01
7.020862e-01
7.031652e-01
7.019620e-01
7.021682e-01
7.022066e-01
7.021450e-01
7.021344e-01
7.018488e-01
7.021369e-01
7.022212e-01
7.019596e-01
7.023390e-01
7.019522e-01
7.025716e-01
7.019298e-01
7.031270e-01
7.019889e-01
7.019903e-01
7.020353e-01
7.020101e-01
7.019671e-01
7.019046e-01
7.019370e-01
7.019913e-01
7.018530e-01
7.018904e-01
7.021898e-01
7.019107e-01
7.019081e-01
7.019346e-01
7.029573e-01
7.018982e-01
7.018734e-01
7.018430e-01
7.019395e-01
7.018236e-01
7.018451e-01
7.020082e-01
7.018341e-01
7.019074e-01
7.019052e-01
7.018132e-01
7.018477e-01
7.018715e-01
7.027495e-01
7.019935e-01
7.018658e-01
7.018252e-01
7.018387e-01
7.024018e-01
7.018794e-01
7.018522e-01
7.020155e-01
7.024326e-01
7.018891e-01
7.018551e-01
7.018241e-01
7.019875e-01
7.017995e-01
7.030071e-01
7.019666e-01
7.018129e-01
7.020101e-01
7.019995e-01
7.018648e-01
7.019631e-01
7.018746e-01
7.018759e-01
7.018921e-01
7.018380e-01
7.018657e-01
7.018214e-01
7.019206e-01
7.031203e-01
7.018903e-01
7.018782e-01
7.018518e-01
7.019010e-01
7.018510e-01
7.018950e-01
7.020125e-01
7.020626e-01
7.018865e-01
7.019092e-01
7.019136e-01
7.018898e-01
7.018946e-01
7.018926e-01
7.030139e-01

Kick
1.942720e-04
1.329808e-04
1.354106e-04
1.327116e-04
1.335815e-04
1.357514e-04
1.327209e-04
1.356006e-04
1.335610e-04
1.383321e-04
1.362013e-04
1.365114e-04
1.323512e-04
1.351917e-04
1.318511e-04
9.302991e-04
1.319209e-04
1.351712e-04
1.372816e-04
1.376318e-04
1.348918e-04
1.337212e-04
1.327004e-04
1.333514e-04
7.033078e-04
1.330916e-04
1.338115e-04
1.336504e-04
1.381515e-04
1.334110e-04
1.340611e-04
1.336522e-04
1.326809e-04
1.334427e-04
1.380611e-04
1.353808e-04
1.374204e-04
1.317915e-04
1.346013e-04
1.363009e-04
1.336811e-04
1.323614e-04
1.354907e-04
1.352206e-04
1.353910e-04
1.330022e-04
1.424411e-04
1.345212e-04
1.361910e-04
1.352709e-04
1.380909e-04
1.349011e-04
1.337305e-04
1.413617e-04
1.352411e-04
1.325915e-04
1.360010e-04
1.363019e-04
1.351414e-04
1.369705e-04
1.334716e-04
1.344709e-04
1.362609e-04
1.342511e-04
6.796671e-04
1.353305e-04
1.357207e-04
1.370506e-04
1.342213e-04
1.382614e-04
1.338422e-04
1.331205e-04
1.332220e-04
1.343526e-04
1.412909e-04
1.366818e-04
1.343824e-04
1.311125e-04
1.380108e-04
1.324611e-04
1.343815e-04
1.395904e-04
1.354711e-04
1.333607e-04
1.320913e-04
1.341514e-04
1.370711e-04
1.339111e-04
1.339214e-04
1.398111e-04
1.318119e-04
1.341812e-04
1.357114e-04
1.340210e-04
1.310119e-04
1.320308e-04
1.369305e-04
1.317617e-04
1.378907e-04
1.343414e-04

Second Drift
1.641436e-03
1.612005e-03
1.615055e-03
1.609045e-03
1.613375e-03
1.615215e-03
1.616105e-03
1.612226e-03
1.608585e-03
1.616565e-03
1.613046e-03
1.618455e-03
1.614945e-03
1.613686e-03
1.615486e-03
1.600496e-03
1.605615e-03
1.611725e-03
1.611015e-03
1.612235e-03
1.609835e-03
1.613136e-03
1.611216e-03
1.613774e-03
1.606354e-03
1.613635e-03
1.611087e-03
1.608294e-03
1.607975e-03
1.672527e-03
1.611645e-03
1.611575e-03
1.613926e-03
1.605854e-03
1.607365e-03
1.612106e-03
1.609575e-03
1.611635e-03
1.607415e-03
1.607846e-03
1.613385e-03
1.608396e-03
1.603835e-03
1.609505e-03
1.610515e-03
1.610597e-03
1.605036e-03
1.614036e-03
1.609917e-03
1.604395e-03
1.614936e-03
1.612485e-03
1.609105e-03
1.608005e-03
1.612856e-03
1.605125e-03
1.603574e-03
1.618765e-03
1.608365e-03
1.604696e-03
1.609916e-03
1.607945e-03
1.609395e-03
1.612235e-03
1.602325e-03
1.601934e-03
1.607466e-03
1.610557e-03
1.614084e-03
1.602796e-03
1.607825e-03
1.610464e-03
1.610055e-03
1.605485e-03
1.611156e-03
1.610496e-03
1.611945e-03
1.604845e-03
1.605885e-03
1.608595e-03
1.612724e-03
1.605916e-03
1.608726e-03
1.610326e-03
1.608365e-03
1.603335e-03
1.615556e-03
1.608435e-03
1.604935e-03
1.605284e-03
1.610377e-03
1.614937e-03
1.608545e-03
1.603935e-03
1.608185e-03
1.609465e-03
1.621175e-03
1.601805e-03
1.618585e-03
1.606665e-03

--- Configuration ---
nsteps: 100
dt: 1.000000e-04
eps: 5.000000e-02
G: 1.000000e+00
mass: 1.000000e+00
energy_every: 100
energy_tol: 1.000000e-03
kernel_choice: obr
kinetic0: 1.469728e+09
potential0: -2.934067e+09
max_relative_error: 7.003164e-05
PAPI Cycles
0
0
0
0
0
0
0
0
0
0
0
0
0
0
0
0
0
0
0
0
0
0
0
0
0
0
0
0
0
0
0
0
0
0
0
0
0
0
0
0
0
0
0
0
0
0
0
0
0
0
0
0
0
0
0
0
0
0
0
0
0
0
0
0
0
0
0
0
0
0
0
0
0
0
0
0
0
0
0
0
0
0
0
0
0
0
0
0
0
0
0
0
0
0
0
0
0
0
0
0

PAPI Instructions
0
0
0
0
0
0
0
0
0
0
0
0
0
0
0
0
0
0
0
0
0
0
0
0
0
0
0
0
0
0
0
0
0
0
0
0
0
0
0
0
0
0
0
0
0
0
0
0
0
0
0
0
0
0
0
0
0
0
0
0
0
0
0
0
0
0
0
0
0
0
0
0
0
0
0
0
0
0
0
0
0
0
0
0
0
0
0
0
0
0
0
0
0
0
0
0
0
0
0
0

PAPI L1 Misses
0
0
0
0
0
0
0
0
0
0
0
0
0
0
0
0
0
0
0
0
0
0
0
0
0
0
0
0
0
0
0
0
0
0
0
0
0
0
0
0
0
0
0
0
0
0
0
0
0
0
0
0
0
0
0
0
0
0
0
0
0
0
0
0
0
0
0
0
0
0
0
0
0
0
0
0
0
0
0
0
0
0
0
0
0
0
0
0
0
0
0
0
0
0
0
0
0
0
0
0

PAPI L2 Misses
0
0
0
0
0
0
0
0
0
0
0
0
0
0
0
0
0
0
0
0
0
0
0
0
0
0
0
0
0
0
0
0
0
0
0
0
0
0
0
0
0
0
0
0
0
0
0
0
0
0
0
0
0
0
0
0
0
0
0
0
0
0
0
0
0
0
0
0
0
0
0
0
0
0
0
0
0
0
0
0
0
0
0
0
0
0
0
0
0
0
0
0
0
0
0
0
0
0
0
0

PAPI Vectorial DP
0
0
0
0
0
0
0
0
0
0
0
0
0
0
0
0
0
0
0
0
0
0
0
0
0
0
0
0
0
0
0
0
0
0
0
0
0
0
0
0
0
0
0
0
0
0
0
0
0
0
0
0
0
0
0
0
0
0
0
0
0
0
0
0
0
0
0
0
0
0
0
0
0
0
0
0
0
0
0
0
0
0
0
0
0
0
0
0
0
0
0
0
0
0
0
0
0
0
0
0

File Read
5.195149e-03

File Write
4.812486e-03

Total Run
1.615305e+01

Total Step
7.510724e-01
7.042394e-01
7.038718e-01
7.039939e-01
7.039100e-01
7.038726e-01
7.039460e-01
7.040127e-01
7.038148e-01
7.038819e-01
7.037607e-01
7.047652e-01
7.039676e-01
7.038793e-01
7.037828e-01
7.038419e-01
7.040161e-01
7.049224e-01
7.038418e-01
7.039668e-01
7.038395e-01
7.039421e-01
7.039570e-01
7.038792e-01
7.039648e-01
7.038308e-01
7.058213e-01
7.038107e-01
7.037798e-01
7.040034e-01
7.039129e-01
7.039919e-01
7.040081e-01
7.038488e-01
7.038504e-01
7.039977e-01
7.038513e-01
7.039526e-01
7.038564e-01
7.038880e-01
7.049101e-01
7.042237e-01
7.039126e-01
7.038628e-01
7.038784e-01
7.038743e-01
7.039057e-01
7.045018e-01
7.038685e-01
7.039705e-01
7.039551e-01
7.037979e-01
7.040537e-01
7.038714e-01
7.039645e-01
7.049588e-01
7.037847e-01
7.040027e-01
7.038673e-01
7.039581e-01
7.043108e-01
7.038927e-01
7.048781e-01
7.040729e-01
7.040029e-01
7.038238e-01
7.038574e-01
7.039231e-01
7.040103e-01
7.048725e-01
7.040436e-01
7.039981e-01
7.040152e-01
7.038942e-01
7.038461e-01
7.040243e-01
7.038849e-01
7.039686e-01
7.038079e-01
7.041356e-01
7.039877e-01
7.039559e-01
7.039289e-01
7.038908e-01
7.050018e-01
7.037954e-01
7.039755e-01
7.040852e-01
7.039711e-01
7.039100e-01
7.039905e-01
7.038211e-01
7.040793e-01
7.038653e-01
7.038996e-01
7.040282e-01
7.038200e-01
7.039586e-01
7.050111e-01
7.038069e-01

First Drift
1.426022e-04
9.102002e-05
8.945074e-05
9.422097e-05
9.427965e-05
8.926168e-05
8.929055e-05
9.041000e-05
9.012129e-05
8.909125e-05
9.036064e-05
9.061955e-05
1.068702e-04
8.866098e-05
9.087007e-05
9.080116e-05
9.116158e-05
8.904003e-05
9.039976e-05
8.977111e-05
8.911081e-05
9.620097e-05
9.459071e-05
8.882117e-05
9.042118e-05
9.034108e-05
9.021070e-05
8.975063e-05
8.974969e-05
9.612087e-05
9.493064e-05
8.937065e-05
8.950103e-05
8.957088e-05
8.929148e-05
8.992013e-05
9.010080e-05
9.013060e-05
8.918066e-05
9.051058e-05
8.943118e-05
8.855108e-05
9.109080e-05
9.062141e-05
9.105168e-05
9.718072e-05
8.975156e-05
9.066053e-05
8.986145e-05
8.965097e-05
8.983072e-05
9.386055e-05
9.047054e-05
9.129103e-05
8.951966e-05
8.925982e-05
9.000022e-05
8.932035e-05
9.038113e-05
8.943118e-05
8.950103e-05
9.029079e-05
9.039044e-05
9.078067e-05
9.020139e-05
8.909963e-05
9.011105e-05
9.079091e-05
8.921139e-05
8.885097e-05
9.131990e-05
9.410083e-05
9.766966e-05
9.610038e-05
8.979067e-05
8.952152e-05
8.944049e-05
8.891057e-05
9.012036e-05
8.874107e-05
9.060092e-05
9.046029e-05
9.014085e-05
8.958112e-05
8.971058e-05
9.036064e-05
8.982047e-05
8.916110e-05
9.022094e-05
9.019114e-05
9.046122e-05
8.928124e-05
8.927099e-05
9.059161e-05
9.033084e-05
9.037182e-05
8.909963e-05
9.013154e-05
9.032153e-05
9.094086e-05

Compute Force
7.490709e-01
7.024019e-01
7.020404e-01
7.021588e-01
7.020741e-01
7.020378e-01
7.021070e-01
7.021737e-01
7.019805e-01
7.020492e-01
7.019208e-01
7.029336e-01
7.021156e-01
7.020392e-01
7.019456e-01
7.020042e-01
7.021754e-01
7.025956e-01
7.020049e-01
7.021364e-01
7.020122e-01
7.021041e-01
7.021182e-01
7.020508e-01
7.021280e-01
7.019971e-01
7.031114e-01
7.019780e-01
7.019497e-01
7.021679e-01
7.020794e-01
7.021633e-01
7.021774e-01
7.020137e-01
7.020136e-01
7.021621e-01
7.020158e-01
7.021221e-01
7.020229e-01
7.020537e-01
7.030775e-01
7.023726e-01
7.020732e-01
7.020256e-01
7.020437e-01
7.020241e-01
7.020675e-01
7.026736e-01
7.020335e-01
7.021363e-01
7.021273e-01
7.019641e-01
7.022230e-01
7.020336e-01
7.021275e-01
7.031248e-01
7.019486e-01
7.021683e-01
7.020314e-01
7.021189e-01
7.024735e-01
7.020570e-01
7.021813e-01
7.022379e-01
7.021676e-01
7.019892e-01
7.020213e-01
7.020866e-01
7.021669e-01
7.030298e-01
7.022148e-01
7.021649e-01
7.021639e-01
7.020553e-01
7.020101e-01
7.021980e-01
7.020515e-01
7.021322e-01
7.019740e-01
7.023031e-01
7.021483e-01
7.021165e-01
7.020905e-01
7.020581e-01
7.031668e-01
7.019603e-01
7.021432e-01
7.022513e-01
7.021395e-01
7.020724e-01
7.021542e-01
7.019925e-01
7.022506e-01
7.020328e-01
7.020598e-01
7.021876e-01
7.019898e-01
7.021225e-01
7.031824e-01
7.019706e-01

Kick
1.777122e-04
1.353323e-04
1.348415e-04
1.367116e-04
1.354804e-04
1.410414e-04
1.441911e-04
1.435904e-04
1.344820e-04
1.352308e-04
1.391713e-04
1.361212e-04
1.391210e-04
1.366828e-04
1.357812e-04
1.361324e-04
1.353109e-04
6.253161e-04
1.368318e-04
1.358017e-04
1.341915e-04
1.344420e-04
1.370618e-04
1.370609e-04
1.425818e-04
1.309710e-04
1.014400e-03
1.345510e-04
1.347214e-04
1.357710e-04
1.337314e-04
1.356518e-04
1.355307e-04
1.391415e-04
1.344411e-04
1.359405e-04
1.357906e-04
1.333812e-04
1.366520e-04
1.362013e-04
1.348304e-04
1.366409e-04
1.353715e-04
1.348807e-04
1.369603e-04
1.335805e-04
1.436025e-04
1.343312e-04
1.357803e-04
1.362916e-04
1.357011e-04
1.354208e-04
1.359405e-04
1.392616e-04
1.425017e-04
1.386022e-04
1.341617e-04
1.353016e-04
1.361612e-04
1.355810e-04
1.367619e-04
1.361109e-04
1.006360e-03
1.351107e-04
1.354711e-04
1.343805e-04
1.360811e-04
1.381403e-04
1.360010e-04
1.349207e-04
1.351610e-04
1.346804e-04
1.366809e-04
1.357812e-04
1.410712e-04
1.398325e-04
1.347521e-04
1.365012e-04
1.347717e-04
1.360811e-04
1.378516e-04
1.363205e-04
1.344709e-04
1.341412e-04
1.337612e-04
1.353221e-04
1.340108e-04
1.379112e-04
1.338106e-04
1.364909e-04
1.362013e-04
1.351107e-04
1.351917e-04
1.351405e-04
1.452211e-04
1.443112e-04
1.315307e-04
1.360606e-04
1.349719e-04
1.346804e-04

Second Drift
1.622446e-03
1.610145e-03
1.605835e-03
1.603425e-03
1.605446e-03
1.603735e-03
1.604635e-03
1.603935e-03
1.608906e-03
1.607575e-03
1.609735e-03
1.604104e-03
1.602145e-03
1.613894e-03
1.609625e-03
1.609805e-03
1.613204e-03
1.606136e-03
1.608784e-03
1.604275e-03
1.603466e-03
1.606465e-03
1.601225e-03
1.601575e-03
1.603025e-03
1.611765e-03
1.604135e-03
1.607475e-03
1.604895e-03
1.602826e-03
1.603955e-03
1.602724e-03
1.604965e-03
1.605625e-03
1.612095e-03
1.608795e-03
1.608905e-03
1.606105e-03
1.606625e-03
1.606915e-03
1.607575e-03
1.625025e-03
1.611926e-03
1.611076e-03
1.605884e-03
1.606945e-03
1.604095e-03
1.602285e-03
1.608415e-03
1.607386e-03
1.601366e-03
1.603945e-03
1.603685e-03
1.606406e-03
1.603995e-03
1.605675e-03
1.611275e-03
1.608935e-03
1.608405e-03
1.613455e-03
1.610177e-03
1.608365e-03
1.599185e-03
1.608095e-03
1.608635e-03
1.610654e-03
1.608934e-03
1.606865e-03
1.617284e-03
1.618106e-03
1.601704e-03
1.603846e-03
1.604674e-03
1.606465e-03
1.604305e-03
1.596135e-03
1.608255e-03
1.610235e-03
1.608205e-03
1.607076e-03
1.610286e-03
1.611955e-03
1.612695e-03
1.607925e-03
1.610675e-03
1.608624e-03
1.607485e-03
1.606035e-03
1.606955e-03
1.610085e-03
1.608856e-03
1.603395e-03
1.603565e-03
1.606115e-03
1.603316e-03
1.604655e-03
1.608507e-03
1.608945e-03
1.602506e-03
1.610045e-03

--- Configuration ---
nsteps: 100
dt: 1.000000e-04
eps: 5.000000e-02
G: 1.000000e+00
mass: 1.000000e+00
energy_every: 100
energy_tol: 1.000000e-03
kernel_choice: obr
kinetic0: 1.469728e+09
potential0: -2.934067e+09
max_relative_error: 7.003164e-05
PAPI Cycles
0
0
0
0
0
0
0
0
0
0
0
0
0
0
0
0
0
0
0
0
0
0
0
0
0
0
0
0
0
0
0
0
0
0
0
0
0
0
0
0
0
0
0
0
0
0
0
0
0
0
0
0
0
0
0
0
0
0
0
0
0
0
0
0
0
0
0
0
0
0
0
0
0
0
0
0
0
0
0
0
0
0
0
0
0
0
0
0
0
0
0
0
0
0
0
0
0
0
0
0

PAPI Instructions
0
0
0
0
0
0
0
0
0
0
0
0
0
0
0
0
0
0
0
0
0
0
0
0
0
0
0
0
0
0
0
0
0
0
0
0
0
0
0
0
0
0
0
0
0
0
0
0
0
0
0
0
0
0
0
0
0
0
0
0
0
0
0
0
0
0
0
0
0
0
0
0
0
0
0
0
0
0
0
0
0
0
0
0
0
0
0
0
0
0
0
0
0
0
0
0
0
0
0
0

PAPI L1 Misses
0
0
0
0
0
0
0
0
0
0
0
0
0
0
0
0
0
0
0
0
0
0
0
0
0
0
0
0
0
0
0
0
0
0
0
0
0
0
0
0
0
0
0
0
0
0
0
0
0
0
0
0
0
0
0
0
0
0
0
0
0
0
0
0
0
0
0
0
0
0
0
0
0
0
0
0
0
0
0
0
0
0
0
0
0
0
0
0
0
0
0
0
0
0
0
0
0
0
0
0

PAPI L2 Misses
0
0
0
0
0
0
0
0
0
0
0
0
0
0
0
0
0
0
0
0
0
0
0
0
0
0
0
0
0
0
0
0
0
0
0
0
0
0
0
0
0
0
0
0
0
0
0
0
0
0
0
0
0
0
0
0
0
0
0
0
0
0
0
0
0
0
0
0
0
0
0
0
0
0
0
0
0
0
0
0
0
0
0
0
0
0
0
0
0
0
0
0
0
0
0
0
0
0
0
0

PAPI Vectorial DP
0
0
0
0
0
0
0
0
0
0
0
0
0
0
0
0
0
0
0
0
0
0
0
0
0
0
0
0
0
0
0
0
0
0
0
0
0
0
0
0
0
0
0
0
0
0
0
0
0
0
0
0
0
0
0
0
0
0
0
0
0
0
0
0
0
0
0
0
0
0
0
0
0
0
0
0
0
0
0
0
0
0
0
0
0
0
0
0
0
0
0
0
0
0
0
0
0
0
0
0

File Read
3.021797e-03

File Write
4.344451e-03

Total Run
1.613036e+01

Total Step
7.510608e-01
7.074937e-01
7.074173e-01
7.074140e-01
7.074402e-01
7.073889e-01
7.073260e-01
7.074995e-01
7.073827e-01
7.073351e-01
7.073583e-01
7.074405e-01
7.073425e-01
7.073114e-01
7.075171e-01
7.073087e-01
7.085788e-01
7.073340e-01
7.073485e-01
7.074007e-01
7.074406e-01
7.075147e-01
7.074875e-01
7.075528e-01
7.075179e-01
7.084530e-01
7.075945e-01
7.074767e-01
7.074245e-01
7.075803e-01
7.074676e-01
7.075906e-01
7.074575e-01
7.074857e-01
7.073786e-01
7.073030e-01
7.073491e-01
7.074752e-01
7.072571e-01
7.073876e-01
7.074352e-01
7.073291e-01
7.073953e-01
7.074076e-01
7.072758e-01
7.074548e-01
7.074342e-01
7.073230e-01
7.074657e-01
7.073846e-01
7.074190e-01
7.073754e-01
7.074094e-01
7.074775e-01
7.073442e-01
7.074215e-01
7.073972e-01
7.074909e-01
7.073960e-01
7.078038e-01
7.073635e-01
7.072868e-01
7.074312e-01
7.073957e-01
7.073444e-01
7.074592e-01
7.074896e-01
7.073490e-01
7.081640e-01
7.073863e-01
7.073665e-01
7.080151e-01
7.073165e-01
7.073640e-01
7.074634e-01
7.073477e-01
7.074824e-01
7.073252e-01
7.073518e-01
7.074525e-01
7.074546e-01
7.073596e-01
7.075627e-01
7.073076e-01
7.074290e-01
7.075851e-01
7.074207e-01
7.075577e-01
7.074781e-01
7.073284e-01
7.074734e-01
7.074648e-01
7.072873e-01
7.074243e-01
7.074869e-01
7.074117e-01
7.073890e-01
7.087090e-01
7.073511e-01
7.073971e-01

First Drift
1.417315e-04
8.914154e-05
9.023119e-05
8.933991e-05
9.471085e-05
8.928031e-05
9.092130e-05
8.926075e-05
8.987077e-05
9.347033e-05
8.921046e-05
9.031128e-05
8.961186e-05
9.093992e-05
8.944049e-05
9.027123e-05
9.118021e-05
9.147171e-05
9.052083e-05
8.887053e-05
9.121094e-05
9.018090e-05
9.020045e-05
9.004120e-05
8.983072e-05
9.067077e-05
8.986052e-05
9.010080e-05
8.903071e-05
9.000022e-05
8.939113e-05
8.960161e-05
8.876994e-05
8.959044e-05
9.109080e-05
8.901954e-05
9.763148e-05
9.023119e-05
8.959137e-05
9.119976e-05
8.856039e-05
8.995086e-05
8.966122e-05
9.061024e-05
8.837134e-05
8.933153e-05
8.941162e-05
9.039138e-05
8.949172e-05
9.478070e-05
9.191968e-05
8.943025e-05
8.978043e-05
8.959137e-05
9.032059e-05
8.995086e-05
8.927099e-05
8.950103e-05
9.027030e-05
8.982047e-05
8.966029e-05
8.897111e-05
8.968078e-05
9.470154e-05
9.083096e-05
8.872990e-05
9.005144e-05
8.925144e-05
9.138044e-05
9.037089e-05
8.854084e-05
9.510107e-05
9.682029e-05
8.997135e-05
8.831080e-05
8.907076e-05
8.837134e-05
9.506103e-05
8.987077e-05
9.007100e-05
9.097159e-05
8.974131e-05
9.095017e-05
8.926168e-05
9.078160e-05
8.974131e-05
8.932035e-05
9.041093e-05
8.950103e-05
8.998159e-05
8.971151e-05
9.017158e-05
8.948147e-05
8.957088e-05
8.959044e-05
8.950103e-05
9.068102e-05
8.974969e-05
9.232108e-05
9.067077e-05

Compute Force
7.490210e-01
7.056616e-01
7.055786e-01
7.055794e-01
7.055975e-01
7.055522e-01
7.054864e-01
7.056632e-01
7.055498e-01
7.054935e-01
7.055123e-01
7.055722e-01
7.054980e-01
7.054756e-01
7.056773e-01
7.054709e-01
7.058345e-01
7.054930e-01
7.055086e-01
7.055594e-01
7.055941e-01
7.056714e-01
7.056462e-01
7.057106e-01
7.056729e-01
7.059050e-01
7.057635e-01
7.056370e-01
7.055817e-01
7.057426e-01
7.056337e-01
7.057539e-01
7.056222e-01
7.056407e-01
7.055353e-01
7.054633e-01
7.055033e-01
7.056448e-01
7.054157e-01
7.055442e-01
7.055927e-01
7.054735e-01
7.055573e-01
7.055623e-01
7.054377e-01
7.056147e-01
7.055930e-01
7.054803e-01
7.056265e-01
7.055224e-01
7.055803e-01
7.055366e-01
7.055672e-01
7.056339e-01
7.054951e-01
7.055797e-01
7.055505e-01
7.056428e-01
7.055577e-01
7.059734e-01
7.055228e-01
7.054511e-01
7.055920e-01
7.055507e-01
7.055012e-01
7.056153e-01
7.056412e-01
7.055093e-01
7.057953e-01
7.055428e-01
7.055270e-01
7.061720e-01
7.054522e-01
7.055090e-01
7.056246e-01
7.055053e-01
7.056409e-01
7.054747e-01
7.055036e-01
7.056145e-01
7.056045e-01
7.055232e-01
7.057189e-01
7.054643e-01
7.055809e-01
7.056583e-01
7.055829e-01
7.057163e-01
7.056338e-01
7.054872e-01
7.055530e-01
7.056240e-01
7.054498e-01
7.055862e-01
7.056406e-01
7.055666e-01
7.055449e-01
7.056318e-01
7.055073e-01
7.055526e-01

Kick
1.810519e-04
1.362516e-04
1.351712e-04
1.364714e-04
1.356406e-04
1.367414e-04
1.371913e-04
1.352523e-04
1.345212e-04
1.341309e-04
1.432803e-04
1.357207e-04
1.347316e-04
1.357114e-04
1.361426e-04
1.381719e-04
1.019210e-03
1.328904e-04
1.352914e-04
1.365617e-04
1.436118e-04
1.374306e-04
1.412807e-04
1.359619e-04
1.345407e-04
8.469084e-04
1.347512e-04
1.363717e-04
1.414903e-04
1.362516e-04
1.345808e-04
1.351908e-04
1.342706e-04
1.376327e-04
1.429012e-04
1.356816e-04
1.353612e-04
1.341812e-04
1.361417e-04
1.345519e-04
1.371019e-04
1.366613e-04
1.395904e-04
1.367619e-04
1.355009e-04
1.364918e-04
1.342315e-04
1.360010e-04
1.356807e-04
1.359927e-04
1.351712e-04
1.361221e-04
1.371205e-04
1.352923e-04
1.367815e-04
1.357803e-04
1.358511e-04
1.469916e-04
1.351312e-04
1.352411e-04
1.361221e-04
1.349403e-04
1.372825e-04
1.371317e-04
1.427811e-04
1.354320e-04
1.451019e-04
1.364108e-04
6.701164e-04
1.367806e-04
1.361212e-04
1.365403e-04
1.348015e-04
1.349505e-04
1.351014e-04
1.366623e-04
1.345826e-04
1.373319e-04
1.366613e-04
1.360103e-04
1.368625e-04
1.348509e-04
1.357105e-04
1.398921e-04
1.354013e-04
1.405515e-04
1.358101e-04
1.391619e-04
1.367610e-04
1.372108e-04
1.361724e-04
1.363717e-04
1.344215e-04
1.347316e-04
1.433510e-04
1.361417e-04
1.360513e-04
1.390008e-04
1.374008e-04
1.356918e-04

Second Drift
1.671165e-03
1.605605e-03
1.612376e-03
1.608156e-03
1.611445e-03
1.609926e-03
1.610575e-03
1.610924e-03
1.607485e-03
1.613135e-03
1.613065e-03
1.641645e-03
1.615666e-03
1.608404e-03
1.613485e-03
1.608727e-03
1.629595e-03
1.615345e-03
1.613655e-03
1.615126e-03
1.610686e-03
1.607115e-03
1.609005e-03
1.615455e-03
1.619775e-03
1.609355e-03
1.605684e-03
1.612365e-03
1.611324e-03
1.610675e-03
1.609045e-03
1.611455e-03
1.611656e-03
1.617025e-03
1.608316e-03
1.614375e-03
1.612405e-03
1.605205e-03
1.614835e-03
1.616646e-03
1.616005e-03
1.628445e-03
1.608104e-03
1.617006e-03
1.613395e-03
1.612705e-03
1.616864e-03
1.615605e-03
1.613515e-03
1.618895e-03
1.611296e-03
1.612485e-03
1.614477e-03
1.617945e-03
1.621175e-03
1.615185e-03
1.620915e-03
1.610666e-03
1.612294e-03
1.604674e-03
1.614136e-03
1.611024e-03
1.611765e-03
1.612456e-03
1.608756e-03
1.619195e-03
1.612265e-03
1.613095e-03
1.606315e-03
1.615835e-03
1.614206e-03
1.610796e-03
1.618464e-03
1.629455e-03
1.614996e-03
1.615945e-03
1.617825e-03
1.617434e-03
1.621054e-03
1.611155e-03
1.621715e-03
1.610897e-03
1.616545e-03
1.613215e-03
1.621315e-03
1.695776e-03
1.611914e-03
1.610785e-03
1.617525e-03
1.613195e-03
1.693807e-03
1.613596e-03
1.613035e-03
1.613014e-03
1.612625e-03
1.618895e-03
1.616804e-03
2.847617e-03
1.613406e-03
1.617345e-03

--- Configuration ---
nsteps: 100
dt: 1.000000e-04
eps: 5.000000e-02
G: 1.000000e+00
mass: 1.000000e+00
energy_every: 100
energy_tol: 1.000000e-03
kernel_choice: obr
kinetic0: 1.469728e+09
potential0: -2.934067e+09
max_relative_error: 7.003164e-05
PAPI Cycles
0
0
0
0
0
0
0
0
0
0
0
0
0
0
0
0
0
0
0
0
0
0
0
0
0
0
0
0
0
0
0
0
0
0
0
0
0
0
0
0
0
0
0
0
0
0
0
0
0
0
0
0
0
0
0
0
0
0
0
0
0
0
0
0
0
0
0
0
0
0
0
0
0
0
0
0
0
0
0
0
0
0
0
0
0
0
0
0
0
0
0
0
0
0
0
0
0
0
0
0

PAPI Instructions
0
0
0
0
0
0
0
0
0
0
0
0
0
0
0
0
0
0
0
0
0
0
0
0
0
0
0
0
0
0
0
0
0
0
0
0
0
0
0
0
0
0
0
0
0
0
0
0
0
0
0
0
0
0
0
0
0
0
0
0
0
0
0
0
0
0
0
0
0
0
0
0
0
0
0
0
0
0
0
0
0
0
0
0
0
0
0
0
0
0
0
0
0
0
0
0
0
0
0
0

PAPI L1 Misses
0
0
0
0
0
0
0
0
0
0
0
0
0
0
0
0
0
0
0
0
0
0
0
0
0
0
0
0
0
0
0
0
0
0
0
0
0
0
0
0
0
0
0
0
0
0
0
0
0
0
0
0
0
0
0
0
0
0
0
0
0
0
0
0
0
0
0
0
0
0
0
0
0
0
0
0
0
0
0
0
0
0
0
0
0
0
0
0
0
0
0
0
0
0
0
0
0
0
0
0

PAPI L2 Misses
0
0
0
0
0
0
0
0
0
0
0
0
0
0
0
0
0
0
0
0
0
0
0
0
0
0
0
0
0
0
0
0
0
0
0
0
0
0
0
0
0
0
0
0
0
0
0
0
0
0
0
0
0
0
0
0
0
0
0
0
0
0
0
0
0
0
0
0
0
0
0
0
0
0
0
0
0
0
0
0
0
0
0
0
0
0
0
0
0
0
0
0
0
0
0
0
0
0
0
0

PAPI Vectorial DP
0
0
0
0
0
0
0
0
0
0
0
0
0
0
0
0
0
0
0
0
0
0
0
0
0
0
0
0
0
0
0
0
0
0
0
0
0
0
0
0
0
0
0
0
0
0
0
0
0
0
0
0
0
0
0
0
0
0
0
0
0
0
0
0
0
0
0
0
0
0
0
0
0
0
0
0
0
0
0
0
0
0
0
0
0
0
0
0
0
0
0
0
0
0
0
0
0
0
0
0

