File Read
3.039944e-03

File Write
4.215323e-03

Total Run
1.612905e+01

Total Step
1.237396e-01
7.526219e-02
7.503236e-02
7.520199e-02
7.697233e-02
7.674304e-02
7.664227e-02
7.718944e-02
7.724731e-02
7.733609e-02
7.725992e-02
7.732430e-02
7.732558e-02
7.727923e-02
7.727635e-02
7.727031e-02
7.725999e-02
7.740560e-02
7.724338e-02
7.730262e-02
7.727720e-02
7.725376e-02
7.730791e-02
7.730006e-02
7.726540e-02
7.730043e-02
7.733484e-02
7.733918e-02
7.732003e-02
7.725795e-02
7.738158e-02
7.723478e-02
7.727739e-02
7.734869e-02
7.726912e-02
7.731603e-02
7.726052e-02
7.725550e-02
8.599366e-02
7.728566e-02
7.722784e-02
7.736709e-02
7.733760e-02
7.748965e-02
7.732855e-02
7.730217e-02
7.732252e-02
7.732588e-02
7.732709e-02
7.731348e-02
7.732652e-02
7.752687e-02
7.736289e-02
7.730318e-02
7.732351e-02
7.733561e-02
7.731768e-02
7.729807e-02
7.730534e-02
7.732638e-02
7.734476e-02
7.732338e-02
7.738838e-02
7.733309e-02
7.741612e-02
7.732098e-02
7.745187e-02
7.733527e-02
7.735063e-02
7.738685e-02
7.732150e-02
7.733785e-02
7.734183e-02
7.737968e-02
7.738205e-02
7.736171e-02
7.732541e-02
7.739654e-02
7.739490e-02
7.733536e-02
7.731826e-02
7.732092e-02
7.742426e-02
7.733399e-02
7.734722e-02
7.728431e-02
7.732121e-02
7.734221e-02
7.733237e-02
7.732758e-02
7.780381e-02
7.739620e-02
7.731167e-02
7.737629e-02
7.751155e-02
7.732211e-02
7.851549e-02
7.727599e-02
7.732785e-02
7.738528e-02

First Drift
1.422912e-04
9.301119e-05
9.112060e-05
9.338092e-05
9.244960e-05
9.568967e-05
9.316113e-05
9.955000e-05
9.652041e-05
9.728130e-05
9.687990e-05
9.937026e-05
9.671133e-05
9.654928e-05
1.005810e-04
9.814091e-05
9.539165e-05
9.615067e-05
9.729061e-05
9.598024e-05
9.550154e-05
1.030015e-04
9.716023e-05
9.598117e-05
9.661075e-05
9.604078e-05
9.605009e-05
9.677093e-05
9.729061e-05
9.498093e-05
9.475090e-05
9.583030e-05
9.629130e-05
9.567104e-05
1.034811e-04
9.800121e-05
9.644125e-05
9.723008e-05
9.666104e-05
9.647105e-05
9.686034e-05
9.829178e-05
9.747129e-05
9.777024e-05
9.900983e-05
9.668060e-05
9.565149e-05
9.683054e-05
1.017600e-04
9.647105e-05
9.719096e-05
1.042215e-04
9.541120e-05
9.591132e-05
1.009712e-04
9.666104e-05
9.717047e-05
9.705033e-05
9.770039e-05
9.684078e-05
9.982102e-05
9.823125e-05
9.731110e-05
9.708107e-05
9.853113e-05
9.716116e-05
9.615067e-05
9.734090e-05
1.016594e-04
9.623915e-05
9.742938e-05
9.798072e-05
9.741075e-05
9.587035e-05
9.849109e-05
9.785034e-05
9.569153e-05
9.918027e-05
9.658933e-05
1.027910e-04
9.800121e-05
9.787083e-05
1.005316e-04
9.786151e-05
9.746104e-05
9.664148e-05
9.686127e-05
9.790063e-05
1.018206e-04
9.809993e-05
9.731110e-05
9.811018e-05
9.598117e-05
9.788107e-05
9.607058e-05
9.658094e-05
9.681098e-05
9.782147e-05
9.793136e-05
9.630062e-05

Compute Force
1.201803e-01
7.186643e-02
7.163415e-02
7.180209e-02
7.355903e-02
7.332369e-02
7.322481e-02
7.376585e-02
7.382634e-02
7.392190e-02
7.384086e-02
7.391003e-02
7.391147e-02
7.385437e-02
7.384314e-02
7.384319e-02
7.384889e-02
7.396443e-02
7.381407e-02
7.388535e-02
7.386222e-02
7.382074e-02
7.389021e-02
7.388253e-02
7.384589e-02
7.387954e-02
7.390753e-02
7.390581e-02
7.389345e-02
7.384787e-02
7.394113e-02
7.381244e-02
7.386288e-02
7.392776e-02
7.385114e-02
7.390185e-02
7.384635e-02
7.383232e-02
8.157697e-02
7.382583e-02
7.377423e-02
7.391172e-02
7.387482e-02
7.404916e-02
7.385034e-02
7.384635e-02
7.387596e-02
7.388114e-02
7.385822e-02
7.386842e-02
7.388404e-02
7.401155e-02
7.391572e-02
7.384392e-02
7.386175e-02
7.388699e-02
7.386827e-02
7.382818e-02
7.385499e-02
7.386800e-02
7.389577e-02
7.386904e-02
7.393492e-02
7.388455e-02
7.396100e-02
7.386991e-02
7.400097e-02
7.388151e-02
7.389236e-02
7.393556e-02
7.386264e-02
7.388998e-02
7.388181e-02
7.393069e-02
7.392458e-02
7.391568e-02
7.387034e-02
7.393307e-02
7.394632e-02
7.387723e-02
7.386127e-02
7.387158e-02
7.396460e-02
7.387952e-02
7.388947e-02
7.383884e-02
7.387416e-02
7.389063e-02
7.386854e-02
7.387259e-02
7.430907e-02
7.394658e-02
7.385761e-02
7.391318e-02
7.399399e-02
7.387173e-02
7.505803e-02
7.381952e-02
7.387886e-02
7.394192e-02

Kick
1.815213e-04
1.415014e-04
1.386404e-04
1.453515e-04
1.443112e-04
1.414893e-04
1.407415e-04
1.520505e-04
1.448309e-04
1.398409e-04
1.412211e-04
1.438316e-04
1.427513e-04
1.415713e-04
1.515010e-04
1.494205e-04
1.426814e-04
1.438214e-04
1.406502e-04
1.396304e-04
1.389515e-04
1.558913e-04
1.384113e-04
1.418507e-04
1.403410e-04
1.434712e-04
1.460006e-04
1.433110e-04
1.410004e-04
1.402115e-04
1.420109e-04
1.480309e-04
1.387717e-04
1.403410e-04
1.447508e-04
1.364006e-04
1.406018e-04
1.411717e-04
9.362679e-04
1.502605e-04
1.402404e-04
1.407005e-04
1.588603e-04
1.413412e-04
1.411708e-04
1.443317e-04
1.384113e-04
1.418311e-04
1.542121e-04
1.425315e-04
1.415415e-04
1.438605e-04
1.399321e-04
1.434516e-04
1.421422e-04
1.424914e-04
1.435317e-04
1.410516e-04
1.407210e-04
1.398027e-04
1.465110e-04
1.377212e-04
1.377314e-04
1.386022e-04
1.418609e-04
1.400802e-04
1.399517e-04
1.417706e-04
1.495415e-04
1.422605e-04
1.405105e-04
1.380313e-04
1.388611e-04
1.438512e-04
1.431126e-04
1.392011e-04
1.400812e-04
1.398912e-04
1.401110e-04
1.480710e-04
1.406902e-04
1.429012e-04
1.475308e-04
1.392514e-04
1.403019e-04
1.475010e-04
1.453012e-04
1.391722e-04
1.569809e-04
1.438605e-04
1.877621e-04
1.407303e-04
1.396304e-04
1.512123e-04
1.415806e-04
1.408514e-04
1.444109e-04
1.380509e-04
1.388509e-04
1.440207e-04

Second Drift
3.174163e-03
3.159985e-03
3.167495e-03
3.159486e-03
3.174945e-03
3.181105e-03
3.182456e-03
3.171305e-03
3.178544e-03
3.175816e-03
3.179994e-03
3.169525e-03
3.173565e-03
3.185474e-03
3.179804e-03
3.178265e-03
3.172126e-03
3.199675e-03
3.190515e-03
3.179985e-03
3.179085e-03
3.172936e-03
3.180965e-03
3.178705e-03
3.181245e-03
3.180145e-03
3.183844e-03
3.192035e-03
3.187065e-03
3.173594e-03
3.202495e-03
3.177254e-03
3.178314e-03
3.184065e-03
3.168575e-03
3.178536e-03
3.175956e-03
3.183044e-03
3.376395e-03
3.212096e-03
3.215635e-03
3.215265e-03
3.205386e-03
3.200346e-03
3.236825e-03
3.213695e-03
3.211276e-03
3.204837e-03
3.211685e-03
3.204556e-03
3.202465e-03
3.266255e-03
3.210515e-03
3.218574e-03
3.217316e-03
3.208095e-03
3.207495e-03
3.230476e-03
3.210826e-03
3.220605e-03
3.201466e-03
3.217115e-03
3.217345e-03
3.211895e-03
3.213125e-03
3.212616e-03
3.213495e-03
3.213606e-03
3.205964e-03
3.211564e-03
3.219765e-03
3.210666e-03
3.210715e-03
3.208055e-03
3.214825e-03
3.208125e-03
3.218216e-03
3.223395e-03
3.210826e-03
3.206295e-03
3.217075e-03
3.207165e-03
3.210575e-03
3.216445e-03
3.219167e-03
3.200974e-03
3.203745e-03
3.213217e-03
3.203857e-03
3.211545e-03
3.208444e-03
3.209785e-03
3.217215e-03
3.212425e-03
3.278806e-03
3.211604e-03
3.214735e-03
3.219455e-03
3.211075e-03
3.201905e-03

--- Configuration ---
nsteps: 100
dt: 1.000000e-04
eps: 5.000000e-02
G: 1.000000e+00
mass: 1.000000e+00
energy_every: 100
energy_tol: 1.000000e-03
kernel_choice: obr
kinetic0: 1.469728e+09
potential0: -2.934067e+09
max_relative_error: 7.003164e-05
PAPI Cycles
0
0
0
0
0
0
0
0
0
0
0
0
0
0
0
0
0
0
0
0
0
0
0
0
0
0
0
0
0
0
0
0
0
0
0
0
0
0
0
0
0
0
0
0
0
0
0
0
0
0
0
0
0
0
0
0
0
0
0
0
0
0
0
0
0
0
0
0
0
0
0
0
0
0
0
0
0
0
0
0
0
0
0
0
0
0
0
0
0
0
0
0
0
0
0
0
0
0
0
0

PAPI Instructions
0
0
0
0
0
0
0
0
0
0
0
0
0
0
0
0
0
0
0
0
0
0
0
0
0
0
0
0
0
0
0
0
0
0
0
0
0
0
0
0
0
0
0
0
0
0
0
0
0
0
0
0
0
0
0
0
0
0
0
0
0
0
0
0
0
0
0
0
0
0
0
0
0
0
0
0
0
0
0
0
0
0
0
0
0
0
0
0
0
0
0
0
0
0
0
0
0
0
0
0

PAPI L1 Misses
0
0
0
0
0
0
0
0
0
0
0
0
0
0
0
0
0
0
0
0
0
0
0
0
0
0
0
0
0
0
0
0
0
0
0
0
0
0
0
0
0
0
0
0
0
0
0
0
0
0
0
0
0
0
0
0
0
0
0
0
0
0
0
0
0
0
0
0
0
0
0
0
0
0
0
0
0
0
0
0
0
0
0
0
0
0
0
0
0
0
0
0
0
0
0
0
0
0
0
0

PAPI L2 Misses
0
0
0
0
0
0
0
0
0
0
0
0
0
0
0
0
0
0
0
0
0
0
0
0
0
0
0
0
0
0
0
0
0
0
0
0
0
0
0
0
0
0
0
0
0
0
0
0
0
0
0
0
0
0
0
0
0
0
0
0
0
0
0
0
0
0
0
0
0
0
0
0
0
0
0
0
0
0
0
0
0
0
0
0
0
0
0
0
0
0
0
0
0
0
0
0
0
0
0
0

PAPI Vectorial DP
0
0
0
0
0
0
0
0
0
0
0
0
0
0
0
0
0
0
0
0
0
0
0
0
0
0
0
0
0
0
0
0
0
0
0
0
0
0
0
0
0
0
0
0
0
0
0
0
0
0
0
0
0
0
0
0
0
0
0
0
0
0
0
0
0
0
0
0
0
0
0
0
0
0
0
0
0
0
0
0
0
0
0
0
0
0
0
0
0
0
0
0
0
0
0
0
0
0
0
0

File Read
2.781691e-03

File Write
6.003537e-03

Total Run
1.612024e+01

Total Step
1.228006e-01
7.552443e-02
7.536734e-02
7.578081e-02
7.798677e-02
7.737458e-02
7.704761e-02
7.721549e-02
7.742266e-02
7.754449e-02
7.762119e-02
7.758889e-02
7.755996e-02
7.754819e-02
7.756611e-02
7.752514e-02
7.758633e-02
7.755091e-02
7.753039e-02
7.752355e-02
7.753674e-02
7.752397e-02
7.753731e-02
7.759644e-02
7.853713e-02
7.746671e-02
7.754812e-02
7.755118e-02
7.753718e-02
7.751875e-02
7.750881e-02
7.787939e-02
7.762585e-02
7.755659e-02
7.752041e-02
7.754782e-02
7.763353e-02
7.757418e-02
8.292823e-02
7.722641e-02
7.756230e-02
7.751235e-02
7.749418e-02
7.751573e-02
7.753413e-02
7.750817e-02
7.752112e-02
7.749958e-02
7.755841e-02
7.753637e-02
7.752274e-02
7.753841e-02
7.750524e-02
7.751334e-02
7.751805e-02
7.754763e-02
7.751143e-02
7.836707e-02
7.746095e-02
7.750916e-02
7.750909e-02
7.752250e-02
7.749865e-02
7.759432e-02
7.751128e-02
7.750160e-02
7.750037e-02
7.752834e-02
7.751601e-02
7.753993e-02
7.751063e-02
7.752010e-02
7.754978e-02
7.749685e-02
7.753070e-02
7.749023e-02
7.752100e-02
7.750032e-02
7.749203e-02
7.753568e-02
7.750412e-02
7.749424e-02
7.750845e-02
7.835124e-02
7.741824e-02
7.755546e-02
7.754231e-02
7.753251e-02
7.748945e-02
7.753683e-02
7.767838e-02
7.750939e-02
7.754367e-02
7.748252e-02
7.752682e-02
7.751519e-02
7.757530e-02
7.750419e-02
7.751078e-02
7.752813e-02

First Drift
1.472216e-04
9.403005e-05
9.324122e-05
9.112060e-05
9.597093e-05
9.616092e-05
9.554159e-05
9.712949e-05
9.653065e-05
9.584054e-05
9.672996e-05
9.804126e-05
9.567104e-05
9.820051e-05
9.632017e-05
1.016418e-04
9.610131e-05
9.687152e-05
9.688083e-05
9.561051e-05
9.743124e-05
9.620097e-05
9.741075e-05
9.619165e-05
9.655114e-05
9.545125e-05
9.530131e-05
9.586010e-05
1.018913e-04
9.709038e-05
1.026308e-04
9.668060e-05
9.725988e-05
1.012105e-04
9.722169e-05
9.627081e-05
9.662099e-05
9.669084e-05
9.568036e-05
9.743962e-05
1.023216e-04
9.742007e-05
9.977166e-05
9.765103e-05
9.638071e-05
9.629037e-05
9.757094e-05
9.780098e-05
9.707082e-05
9.890087e-05
9.843055e-05
9.874068e-05
1.000408e-04
9.879097e-05
9.961147e-05
9.975024e-05
9.759050e-05
9.568129e-05
9.638164e-05
9.776093e-05
9.456184e-05
9.704102e-05
9.760074e-05
9.641051e-05
9.907130e-05
9.892974e-05
9.960029e-05
9.848084e-05
9.831041e-05
9.580143e-05
9.546150e-05
1.034206e-04
9.904057e-05
9.526033e-05
9.532087e-05
9.905081e-05
9.697117e-05
9.502098e-05
1.000715e-04
9.629130e-05
9.811111e-05
9.837095e-05
9.828992e-05
9.492040e-05
9.674113e-05
9.659119e-05
9.866990e-05
1.033209e-04
9.648129e-05
1.027510e-04
9.707082e-05
9.842124e-05
9.576045e-05
9.645987e-05
9.660143e-05
9.887945e-05
9.777024e-05
9.725150e-05
9.658094e-05
9.794068e-05

Compute Force
1.191926e-01
7.210474e-02
7.197095e-02
7.238934e-02
7.457554e-02
7.395731e-02
7.363991e-02
7.377524e-02
7.399221e-02
7.411267e-02
7.419579e-02
7.416285e-02
7.414669e-02
7.413029e-02
7.414673e-02
7.410300e-02
7.412254e-02
7.413462e-02
7.409660e-02
7.411338e-02
7.410261e-02
7.409407e-02
7.411147e-02
7.417582e-02
7.511707e-02
7.404767e-02
7.413081e-02
7.412789e-02
7.411931e-02
7.410892e-02
7.409033e-02
7.445937e-02
7.413580e-02
7.413867e-02
7.409980e-02
7.413067e-02
7.419511e-02
7.415291e-02
7.861335e-02
7.376163e-02
7.411669e-02
7.405550e-02
7.402956e-02
7.405832e-02
7.407932e-02
7.404895e-02
7.405494e-02
7.403669e-02
7.403101e-02
7.406496e-02
7.406320e-02
7.407125e-02
7.404795e-02
7.406371e-02
7.406655e-02
7.408590e-02
7.405131e-02
7.491299e-02
7.394728e-02
7.404114e-02
7.404983e-02
7.404255e-02
7.402362e-02
7.412929e-02
7.404903e-02
7.403943e-02
7.405226e-02
7.407535e-02
7.405372e-02
7.408463e-02
7.405703e-02
7.405786e-02
7.406600e-02
7.403844e-02
7.404810e-02
7.402358e-02
7.406151e-02
7.404225e-02
7.403100e-02
7.408103e-02
7.404222e-02
7.403989e-02
7.404615e-02
7.490074e-02
7.395954e-02
7.409685e-02
7.407582e-02
7.406320e-02
7.402742e-02
7.406610e-02
7.421922e-02
7.404921e-02
7.408152e-02
7.404107e-02
7.406620e-02
7.404917e-02
7.407591e-02
7.405257e-02
7.405433e-02
7.406309e-02

Kick
1.820708e-04
1.452109e-04
1.402609e-04
1.385408e-04
1.410209e-04
1.463117e-04
1.393408e-04
1.410116e-04
1.506703e-04
1.450311e-04
1.414008e-04
1.527211e-04
1.394805e-04
1.397701e-04
1.415610e-04
1.417603e-04
1.409305e-04
1.405114e-04
1.467615e-04
1.406511e-04
1.426507e-04
1.476211e-04
1.525804e-04
1.382213e-04
1.388211e-04
1.432914e-04
1.415014e-04
1.416225e-04
1.397608e-04
1.386711e-04
1.404816e-04
1.401920e-04
1.432411e-04
1.373813e-04
1.363810e-04
1.456309e-04
1.592608e-04
1.406809e-04
6.988859e-04
1.500109e-04
1.391117e-04
1.404509e-04
1.415312e-04
1.418302e-04
1.434507e-04
1.421208e-04
1.423210e-04
1.409706e-04
1.435112e-04
1.470111e-04
1.415610e-04
1.538210e-04
1.418013e-04
1.590904e-04
1.414306e-04
1.411112e-04
1.416011e-04
1.564603e-04
1.416411e-04
1.443811e-04
1.416411e-04
1.546908e-04
1.483709e-04
1.572315e-04
1.446810e-04
1.535406e-04
1.427410e-04
1.406502e-04
1.420109e-04
1.402311e-04
1.421105e-04
1.420714e-04
1.492519e-04
1.428016e-04
1.445310e-04
1.447406e-04
1.404909e-04
1.417408e-04
1.414008e-04
1.448113e-04
1.398213e-04
1.425315e-04
1.390707e-04
1.423815e-04
1.409911e-04
1.421608e-04
1.426525e-04
1.409706e-04
1.446810e-04
1.438903e-04
1.403308e-04
1.430605e-04
1.535108e-04
1.389813e-04
1.531020e-04
1.402218e-04
1.862412e-04
1.415005e-04
1.439126e-04
1.430716e-04

Second Drift
3.215136e-03
3.179565e-03
3.161665e-03
3.160745e-03
3.173165e-03
3.173765e-03
3.171965e-03
3.201275e-03
3.182025e-03
3.189676e-03
3.186555e-03
3.174425e-03
3.176785e-03
3.178865e-03
3.180355e-03
3.177655e-03
3.225576e-03
3.177965e-03
3.189335e-03
3.172706e-03
3.193205e-03
3.185065e-03
3.174245e-03
3.185175e-03
3.183845e-03
3.179125e-03
3.179604e-03
3.184436e-03
3.175335e-03
3.173105e-03
3.174145e-03
3.182415e-03
3.248516e-03
3.178655e-03
3.185945e-03
3.174235e-03
3.181655e-03
3.182685e-03
3.514978e-03
3.216145e-03
3.202736e-03
3.217947e-03
3.222115e-03
3.216426e-03
3.213956e-03
3.219866e-03
3.225036e-03
3.223206e-03
3.285796e-03
3.224485e-03
3.218724e-03
3.213345e-03
3.214635e-03
3.190786e-03
3.209215e-03
3.220157e-03
3.219816e-03
3.201175e-03
3.274676e-03
3.224866e-03
3.222185e-03
3.227436e-03
3.227876e-03
3.210135e-03
3.217376e-03
3.208295e-03
3.204505e-03
3.212805e-03
3.221205e-03
3.218327e-03
3.215076e-03
3.215866e-03
3.222475e-03
3.218705e-03
3.241645e-03
3.221885e-03
3.220455e-03
3.219996e-03
3.218005e-03
3.212226e-03
3.222955e-03
3.212566e-03
3.224036e-03
3.212205e-03
3.219975e-03
3.218966e-03
3.223635e-03
3.223985e-03
3.220015e-03
3.222925e-03
3.220446e-03
3.217716e-03
3.211826e-03
3.205044e-03
3.210116e-03
3.225536e-03
3.214625e-03
3.211745e-03
3.215305e-03
3.222715e-03

--- Configuration ---
nsteps: 100
dt: 1.000000e-04
eps: 5.000000e-02
G: 1.000000e+00
mass: 1.000000e+00
energy_every: 100
energy_tol: 1.000000e-03
kernel_choice: obr
kinetic0: 1.469728e+09
potential0: -2.934067e+09
max_relative_error: 7.003164e-05
PAPI Cycles
0
0
0
0
0
0
0
0
0
0
0
0
0
0
0
0
0
0
0
0
0
0
0
0
0
0
0
0
0
0
0
0
0
0
0
0
0
0
0
0
0
0
0
0
0
0
0
0
0
0
0
0
0
0
0
0
0
0
0
0
0
0
0
0
0
0
0
0
0
0
0
0
0
0
0
0
0
0
0
0
0
0
0
0
0
0
0
0
0
0
0
0
0
0
0
0
0
0
0
0

PAPI Instructions
0
0
0
0
0
0
0
0
0
0
0
0
0
0
0
0
0
0
0
0
0
0
0
0
0
0
0
0
0
0
0
0
0
0
0
0
0
0
0
0
0
0
0
0
0
0
0
0
0
0
0
0
0
0
0
0
0
0
0
0
0
0
0
0
0
0
0
0
0
0
0
0
0
0
0
0
0
0
0
0
0
0
0
0
0
0
0
0
0
0
0
0
0
0
0
0
0
0
0
0

PAPI L1 Misses
0
0
0
0
0
0
0
0
0
0
0
0
0
0
0
0
0
0
0
0
0
0
0
0
0
0
0
0
0
0
0
0
0
0
0
0
0
0
0
0
0
0
0
0
0
0
0
0
0
0
0
0
0
0
0
0
0
0
0
0
0
0
0
0
0
0
0
0
0
0
0
0
0
0
0
0
0
0
0
0
0
0
0
0
0
0
0
0
0
0
0
0
0
0
0
0
0
0
0
0

PAPI L2 Misses
0
0
0
0
0
0
0
0
0
0
0
0
0
0
0
0
0
0
0
0
0
0
0
0
0
0
0
0
0
0
0
0
0
0
0
0
0
0
0
0
0
0
0
0
0
0
0
0
0
0
0
0
0
0
0
0
0
0
0
0
0
0
0
0
0
0
0
0
0
0
0
0
0
0
0
0
0
0
0
0
0
0
0
0
0
0
0
0
0
0
0
0
0
0
0
0
0
0
0
0

PAPI Vectorial DP
0
0
0
0
0
0
0
0
0
0
0
0
0
0
0
0
0
0
0
0
0
0
0
0
0
0
0
0
0
0
0
0
0
0
0
0
0
0
0
0
0
0
0
0
0
0
0
0
0
0
0
0
0
0
0
0
0
0
0
0
0
0
0
0
0
0
0
0
0
0
0
0
0
0
0
0
0
0
0
0
0
0
0
0
0
0
0
0
0
0
0
0
0
0
0
0
0
0
0
0

File Read
3.603718e-03

File Write
6.013287e-03

Total Run
1.612499e+01

Total Step
1.236289e-01
7.538468e-02
7.533940e-02
7.598626e-02
7.726284e-02
7.724937e-02
7.701690e-02
7.745981e-02
7.761727e-02
7.760790e-02
7.754613e-02
7.758556e-02
7.759369e-02
7.759650e-02
7.754818e-02
7.762507e-02
7.756024e-02
7.756207e-02
7.758058e-02
7.755006e-02
7.757384e-02
7.763767e-02
7.757249e-02
7.758219e-02
7.764522e-02
7.820496e-02
7.747276e-02
7.759351e-02
7.761396e-02
7.760766e-02
7.754760e-02
7.757663e-02
7.757520e-02
7.754624e-02
7.762372e-02
7.759693e-02
7.760655e-02
7.757030e-02
8.226328e-02
7.748532e-02
7.761679e-02
7.763514e-02
7.760243e-02
7.765455e-02
7.762634e-02
7.764031e-02
7.761554e-02
7.766168e-02
7.765512e-02
7.764149e-02
7.759905e-02
7.823847e-02
7.754527e-02
7.763824e-02
7.760864e-02
7.758815e-02
7.760371e-02
7.761675e-02
7.785968e-02
7.763687e-02
7.766883e-02
7.765160e-02
7.758968e-02
7.762816e-02
7.764004e-02
7.759502e-02
7.760367e-02
7.761830e-02
7.869084e-02
7.756820e-02
7.759681e-02
7.762555e-02
7.765681e-02
7.762277e-02
7.760392e-02
7.760878e-02
7.761148e-02
7.758851e-02
7.821744e-02
7.755120e-02
7.762550e-02
7.761222e-02
7.759794e-02
7.763671e-02
7.761534e-02
7.768134e-02
7.767982e-02
7.761347e-02
7.758094e-02
7.757602e-02
8.019005e-02
7.750904e-02
7.768806e-02
7.760430e-02
7.761342e-02
7.759878e-02
7.765692e-02
7.757662e-02
7.766768e-02
7.762754e-02

First Drift
1.441017e-04
9.169150e-05
9.284075e-05
9.283982e-05
9.368081e-05
9.504054e-05
9.486172e-05
9.407103e-05
9.592064e-05
9.606034e-05
9.511132e-05
9.776000e-05
9.440072e-05
9.560119e-05
9.499025e-05
1.014210e-04
9.491108e-05
9.535998e-05
9.551086e-05
9.482168e-05
9.474065e-05
9.447150e-05
9.529106e-05
9.482075e-05
9.661075e-05
9.563100e-05
9.360071e-05
9.452086e-05
9.689014e-05
9.623077e-05
9.503029e-05
9.538140e-05
9.656139e-05
9.591039e-05
9.527057e-05
9.403098e-05
9.502098e-05
9.509083e-05
1.007607e-04
9.906106e-05
9.491015e-05
9.755976e-05
1.031812e-04
9.872019e-05
9.828992e-05
9.893067e-05
9.702146e-05
9.810086e-05
9.919982e-05
9.762961e-05
9.670109e-05
9.712949e-05
1.016315e-04
9.474158e-05
9.527057e-05
9.823963e-05
9.732042e-05
9.670109e-05
9.813067e-05
9.836070e-05
9.689108e-05
9.826105e-05
9.619072e-05
1.029214e-04
9.745080e-05
9.900052e-05
9.731017e-05
9.459071e-05
9.587128e-05
9.712018e-05
9.789132e-05
9.785127e-05
9.691156e-05
9.825081e-05
9.752065e-05
9.868108e-05
1.026914e-04
9.662099e-05
9.893999e-05
9.776093e-05
1.006108e-04
9.607058e-05
9.822100e-05
9.630062e-05
9.679049e-05
9.801146e-05
9.864103e-05
9.519048e-05
9.909086e-05
9.562168e-05
9.971112e-05
9.619072e-05
9.788014e-05
9.915046e-05
9.483099e-05
9.607151e-05
9.569060e-05
9.704102e-05
9.862147e-05
9.775069e-05

Compute Force
1.200108e-01
7.197659e-02
7.193752e-02
7.257804e-02
7.384189e-02
7.383372e-02
7.358024e-02
7.403615e-02
7.417881e-02
7.418262e-02
7.412450e-02
7.416021e-02
7.417104e-02
7.416855e-02
7.412320e-02
7.418957e-02
7.413798e-02
7.413273e-02
7.413783e-02
7.412160e-02
7.414935e-02
7.421838e-02
7.415449e-02
7.414559e-02
7.415542e-02
7.477528e-02
7.404061e-02
7.416485e-02
7.417941e-02
7.417835e-02
7.412008e-02
7.415744e-02
7.415556e-02
7.411810e-02
7.418955e-02
7.417295e-02
7.417545e-02
7.414839e-02
7.792941e-02
7.401365e-02
7.413785e-02
7.415903e-02
7.412129e-02
7.417665e-02
7.416485e-02
7.417133e-02
7.415335e-02
7.419049e-02
7.418196e-02
7.416265e-02
7.411930e-02
7.476393e-02
7.407603e-02
7.416453e-02
7.413743e-02
7.411985e-02
7.414319e-02
7.414739e-02
7.438057e-02
7.415531e-02
7.420960e-02
7.417171e-02
7.411832e-02
7.415499e-02
7.416862e-02
7.413203e-02
7.413926e-02
7.414620e-02
7.521956e-02
7.408939e-02
7.412768e-02
7.415794e-02
7.415592e-02
7.415602e-02
7.412492e-02
7.413804e-02
7.413350e-02
7.410998e-02
7.474727e-02
7.409109e-02
7.415134e-02
7.413326e-02
7.412528e-02
7.416794e-02
7.414949e-02
7.420647e-02
7.420960e-02
7.414973e-02
7.411517e-02
7.410983e-02
7.618589e-02
7.402933e-02
7.418687e-02
7.412324e-02
7.413989e-02
7.412281e-02
7.417957e-02
7.410688e-02
7.419112e-02
7.415799e-02

Kick
1.778118e-04
1.434814e-04
1.400607e-04
1.386721e-04
1.419513e-04
1.451503e-04
1.427112e-04
1.402311e-04
1.479611e-04
1.437105e-04
1.432607e-04
1.509413e-04
1.427010e-04
1.413105e-04
1.408923e-04
1.408812e-04
1.399806e-04
1.426125e-04
1.658918e-04
1.406809e-04
1.409613e-04
1.432309e-04
1.430316e-04
1.570415e-04
1.425510e-04
1.426013e-04
1.429413e-04
1.424914e-04
1.440309e-04
1.430809e-04
1.410320e-04
1.409305e-04
1.431210e-04
1.433110e-04
1.506209e-04
1.461804e-04
1.467215e-04
1.407210e-04
6.947760e-04
1.438027e-04
1.520412e-04
1.427410e-04
1.456812e-04
1.558503e-04
1.386907e-04
1.409920e-04
1.408812e-04
1.420313e-04
1.456207e-04
1.498405e-04
1.490405e-04
1.422409e-04
1.418609e-04
1.405021e-04
1.425007e-04
1.512328e-04
1.393417e-04
1.408011e-04
1.479611e-04
1.496905e-04
1.406102e-04
1.572408e-04
1.429208e-04
1.439210e-04
1.443718e-04
1.419615e-04
1.408421e-04
1.434209e-04
1.415415e-04
1.534913e-04
1.415405e-04
1.410125e-04
1.434209e-04
1.453506e-04
1.483411e-04
1.457911e-04
1.500519e-04
1.470605e-04
1.423908e-04
1.398213e-04
1.429310e-04
1.430521e-04
1.429105e-04
1.421114e-04
1.388509e-04
1.442712e-04
1.475317e-04
1.417212e-04
1.401203e-04
1.424812e-04
6.430754e-04
1.505110e-04
1.417110e-04
1.417510e-04
1.438111e-04
1.463704e-04
1.419708e-04
1.435708e-04
1.479611e-04
1.428314e-04

Second Drift
3.233725e-03
3.171965e-03
3.168105e-03
3.175705e-03
3.184214e-03
3.174654e-03
3.197915e-03
3.188414e-03
3.193256e-03
3.184385e-03
3.182415e-03
3.175765e-03
3.184564e-03
3.189896e-03
3.188095e-03
3.192195e-03
3.186516e-03
3.190305e-03
3.180785e-03
3.191605e-03
3.187725e-03
3.180925e-03
3.178655e-03
3.183845e-03
3.249825e-03
3.190645e-03
3.194665e-03
3.190616e-03
3.192705e-03
3.189054e-03
3.190395e-03
3.182135e-03
3.179386e-03
3.187775e-03
3.187525e-03
3.182715e-03
3.188585e-03
3.184865e-03
3.533747e-03
3.227576e-03
3.231157e-03
3.234794e-03
3.231436e-03
3.222247e-03
3.223705e-03
3.228337e-03
3.223266e-03
3.230096e-03
3.227015e-03
3.230396e-03
3.232947e-03
3.233985e-03
3.224866e-03
3.237345e-03
3.232566e-03
3.218095e-03
3.222967e-03
3.225495e-03
3.231825e-03
3.232585e-03
3.221045e-03
3.223825e-03
3.231295e-03
3.225685e-03
3.228085e-03
3.221036e-03
3.225354e-03
3.232935e-03
3.232687e-03
3.227606e-03
3.228645e-03
3.227956e-03
3.247036e-03
3.222126e-03
3.231936e-03
3.225274e-03
3.224496e-03
3.233926e-03
3.227946e-03
3.221336e-03
3.229765e-03
3.238705e-03
3.230735e-03
3.229135e-03
3.229255e-03
3.231366e-03
3.223235e-03
3.225596e-03
3.225596e-03
3.226935e-03
3.260686e-03
3.231696e-03
3.260695e-03
3.239125e-03
3.233465e-03
3.232226e-03
3.238275e-03
3.228446e-03
3.228946e-03
3.227655e-03

--- Configuration ---
nsteps: 100
dt: 1.000000e-04
eps: 5.000000e-02
G: 1.000000e+00
mass: 1.000000e+00
energy_every: 100
energy_tol: 1.000000e-03
kernel_choice: obr
kinetic0: 1.469728e+09
potential0: -2.934067e+09
max_relative_error: 7.003164e-05
PAPI Cycles
0
0
0
0
0
0
0
0
0
0
0
0
0
0
0
0
0
0
0
0
0
0
0
0
0
0
0
0
0
0
0
0
0
0
0
0
0
0
0
0
0
0
0
0
0
0
0
0
0
0
0
0
0
0
0
0
0
0
0
0
0
0
0
0
0
0
0
0
0
0
0
0
0
0
0
0
0
0
0
0
0
0
0
0
0
0
0
0
0
0
0
0
0
0
0
0
0
0
0
0

PAPI Instructions
0
0
0
0
0
0
0
0
0
0
0
0
0
0
0
0
0
0
0
0
0
0
0
0
0
0
0
0
0
0
0
0
0
0
0
0
0
0
0
0
0
0
0
0
0
0
0
0
0
0
0
0
0
0
0
0
0
0
0
0
0
0
0
0
0
0
0
0
0
0
0
0
0
0
0
0
0
0
0
0
0
0
0
0
0
0
0
0
0
0
0
0
0
0
0
0
0
0
0
0

PAPI L1 Misses
0
0
0
0
0
0
0
0
0
0
0
0
0
0
0
0
0
0
0
0
0
0
0
0
0
0
0
0
0
0
0
0
0
0
0
0
0
0
0
0
0
0
0
0
0
0
0
0
0
0
0
0
0
0
0
0
0
0
0
0
0
0
0
0
0
0
0
0
0
0
0
0
0
0
0
0
0
0
0
0
0
0
0
0
0
0
0
0
0
0
0
0
0
0
0
0
0
0
0
0

PAPI L2 Misses
0
0
0
0
0
0
0
0
0
0
0
0
0
0
0
0
0
0
0
0
0
0
0
0
0
0
0
0
0
0
0
0
0
0
0
0
0
0
0
0
0
0
0
0
0
0
0
0
0
0
0
0
0
0
0
0
0
0
0
0
0
0
0
0
0
0
0
0
0
0
0
0
0
0
0
0
0
0
0
0
0
0
0
0
0
0
0
0
0
0
0
0
0
0
0
0
0
0
0
0

PAPI Vectorial DP
0
0
0
0
0
0
0
0
0
0
0
0
0
0
0
0
0
0
0
0
0
0
0
0
0
0
0
0
0
0
0
0
0
0
0
0
0
0
0
0
0
0
0
0
0
0
0
0
0
0
0
0
0
0
0
0
0
0
0
0
0
0
0
0
0
0
0
0
0
0
0
0
0
0
0
0
0
0
0
0
0
0
0
0
0
0
0
0
0
0
0
0
0
0
0
0
0
0
0
0

File Read
2.716310e-03

File Write
5.711605e-03

Total Run
1.613098e+01

Total Step
1.224582e-01
7.521056e-02
7.522805e-02
7.570178e-02
7.706361e-02
7.704495e-02
7.682371e-02
7.729228e-02
7.726181e-02
7.737245e-02
7.752439e-02
7.730244e-02
7.741627e-02
7.744072e-02
7.735625e-02
7.740076e-02
7.727050e-02
7.727358e-02
7.751346e-02
7.733865e-02
7.732033e-02
7.738174e-02
7.725562e-02
7.762363e-02
7.730931e-02
7.827696e-02
7.742928e-02
7.729045e-02
7.735681e-02
7.735460e-02
7.736585e-02
7.751587e-02
7.728338e-02
7.726135e-02
7.738476e-02
7.742842e-02
7.748078e-02
7.739628e-02
8.553595e-02
7.740482e-02
7.723790e-02
7.733535e-02
7.741605e-02
7.728725e-02
7.745063e-02
7.739940e-02
7.734596e-02
7.725340e-02
7.758246e-02
7.738498e-02
7.740304e-02
7.830264e-02
7.735697e-02
7.742389e-02
7.737452e-02
7.736518e-02
7.747255e-02
7.737789e-02
7.741407e-02
7.732942e-02
7.739670e-02
7.756973e-02
7.731374e-02
7.733311e-02
7.739224e-02
7.759184e-02
7.742574e-02
7.734204e-02
7.730218e-02
7.743728e-02
7.744029e-02
7.731591e-02
7.746511e-02
7.729039e-02
7.753599e-02
7.730817e-02
7.735920e-02
7.744152e-02
7.839164e-02
7.728564e-02
7.739565e-02
7.728823e-02
7.745723e-02
7.732361e-02
7.730231e-02
7.739450e-02
7.728421e-02
7.758198e-02
7.742573e-02
7.732880e-02
7.775888e-02
7.736398e-02
7.733054e-02
7.744430e-02
7.734397e-02
7.732432e-02
7.741128e-02
7.732391e-02
7.730586e-02
7.741201e-02

First Drift
1.425110e-04
9.069033e-05
9.320118e-05
9.223074e-05
9.337068e-05
9.678025e-05
9.613018e-05
9.417068e-05
9.684078e-05
9.514112e-05
9.385962e-05
9.472109e-05
9.978004e-05
9.656046e-05
9.561051e-05
9.518117e-05
9.428058e-05
9.417068e-05
9.399094e-05
9.524077e-05
9.886082e-05
9.750109e-05
9.475090e-05
9.436999e-05
9.559002e-05
9.409990e-05
9.661075e-05
9.572040e-05
9.468105e-05
9.433180e-05
9.391084e-05
9.440072e-05
9.521097e-05
9.442121e-05
1.035407e-04
9.601004e-05
9.461027e-05
9.516161e-05
9.435136e-05
9.771064e-05
9.544101e-05
9.795092e-05
9.550061e-05
9.673089e-05
9.672064e-05
9.835139e-05
1.010606e-04
9.553134e-05
9.942986e-05
9.845011e-05
9.795092e-05
9.830017e-05
1.015496e-04
9.540096e-05
9.753089e-05
9.621028e-05
9.540096e-05
1.029400e-04
9.952113e-05
1.005195e-04
9.728037e-05
9.910949e-05
9.786151e-05
9.764079e-05
9.889994e-05
9.633042e-05
9.657070e-05
9.824988e-05
9.638071e-05
9.776093e-05
9.715091e-05
9.770039e-05
1.038415e-04
9.685103e-05
9.835046e-05
9.989180e-05
9.792019e-05
1.032911e-04
9.738095e-05
9.486079e-05
9.753089e-05
9.675045e-05
9.644963e-05
9.611156e-05
9.945035e-05
9.921100e-05
9.630062e-05
9.924080e-05
9.803008e-05
9.823963e-05
9.814091e-05
9.658001e-05
1.006806e-04
9.907037e-05
9.656046e-05
9.750109e-05
9.686965e-05
9.738095e-05
9.928178e-05
9.653065e-05

Compute Force
1.187652e-01
7.179437e-02
7.181676e-02
7.229291e-02
7.363474e-02
7.361998e-02
7.339351e-02
7.387218e-02
7.384352e-02
7.394935e-02
7.409799e-02
7.387453e-02
7.398932e-02
7.401374e-02
7.392676e-02
7.397518e-02
7.385299e-02
7.384258e-02
7.408092e-02
7.391069e-02
7.389289e-02
7.395213e-02
7.384679e-02
7.419579e-02
7.387673e-02
7.485605e-02
7.400037e-02
7.386610e-02
7.392280e-02
7.393283e-02
7.394321e-02
7.399287e-02
7.386285e-02
7.383952e-02
7.395997e-02
7.401293e-02
7.404781e-02
7.396280e-02
8.100996e-02
7.393657e-02
7.377768e-02
7.386051e-02
7.395325e-02
7.382110e-02
7.397944e-02
7.393811e-02
7.388329e-02
7.378079e-02
7.411666e-02
7.392294e-02
7.393567e-02
7.483922e-02
7.387472e-02
7.396565e-02
7.390529e-02
7.390680e-02
7.401542e-02
7.390421e-02
7.394971e-02
7.386719e-02
7.392721e-02
7.409863e-02
7.385525e-02
7.386609e-02
7.392121e-02
7.412812e-02
7.396235e-02
7.386559e-02
7.383341e-02
7.396365e-02
7.397095e-02
7.385134e-02
7.398604e-02
7.382032e-02
7.393760e-02
7.385582e-02
7.389261e-02
7.396189e-02
7.492520e-02
7.382108e-02
7.392290e-02
7.382702e-02
7.398842e-02
7.385373e-02
7.383772e-02
7.393194e-02
7.381977e-02
7.410926e-02
7.396921e-02
7.386446e-02
7.422096e-02
7.390173e-02
7.385512e-02
7.397129e-02
7.386958e-02
7.385281e-02
7.394484e-02
7.385533e-02
7.385086e-02
7.394260e-02

Kick
1.823315e-04
1.502810e-04
1.397310e-04
1.515010e-04
1.541907e-04
1.408905e-04
1.409715e-04
1.404807e-04
1.414213e-04
1.418609e-04
1.414614e-04
1.402311e-04
1.406707e-04
1.413915e-04
1.398316e-04
1.392411e-04
1.444807e-04
1.421403e-04
1.424011e-04
1.395503e-04
1.483103e-04
1.400914e-04
1.412807e-04
1.416709e-04
1.424514e-04
1.425808e-04
1.429012e-04
1.390111e-04
1.418702e-04
1.466610e-04
1.393715e-04
1.528608e-04
1.411214e-04
1.414111e-04
1.374222e-04
1.423713e-04
1.525609e-04
1.391107e-04
1.029639e-03
1.406921e-04
1.408607e-04
1.417222e-04
1.417920e-04
1.464309e-04
1.495108e-04
1.370609e-04
1.404211e-04
1.545809e-04
1.421412e-04
1.539411e-04
1.393408e-04
1.388006e-04
1.523104e-04
1.404211e-04
1.423312e-04
1.424411e-04
1.451410e-04
1.457408e-04
1.393510e-04
1.409715e-04
1.446912e-04
1.426321e-04
1.430213e-04
1.398511e-04
1.394413e-04
1.403606e-04
1.389207e-04
1.383610e-04
1.408113e-04
1.451410e-04
1.403810e-04
1.403606e-04
1.401110e-04
1.415508e-04
1.419717e-04
1.405105e-04
1.400607e-04
1.487406e-04
1.434721e-04
1.420910e-04
1.422102e-04
1.402907e-04
1.454214e-04
1.433212e-04
1.420006e-04
1.418907e-04
1.403512e-04
1.396611e-04
1.414809e-04
1.389021e-04
1.419820e-04
1.405310e-04
1.548510e-04
1.391610e-04
1.408309e-04
1.458311e-04
1.384607e-04
1.399824e-04
1.398809e-04
1.419708e-04

Second Drift
3.308107e-03
3.174336e-03
3.177275e-03
3.164595e-03
3.180556e-03
3.186245e-03
3.192345e-03
3.184085e-03
3.179375e-03
3.185405e-03
3.189955e-03
3.191816e-03
3.185515e-03
3.187676e-03
3.193275e-03
3.190385e-03
3.177796e-03
3.193695e-03
3.195116e-03
3.192364e-03
3.179475e-03
3.191105e-03
3.172205e-03
3.190776e-03
3.193566e-03
3.183415e-03
3.188185e-03
3.188636e-03
3.196524e-03
3.179913e-03
3.188585e-03
3.274886e-03
3.183425e-03
3.184925e-03
3.182886e-03
3.175746e-03
3.184966e-03
3.198355e-03
3.395367e-03
3.228205e-03
3.222777e-03
3.234374e-03
3.224615e-03
3.222216e-03
3.223916e-03
3.225015e-03
3.220065e-03
3.221676e-03
3.222945e-03
3.208965e-03
3.229246e-03
3.225296e-03
3.227646e-03
3.221635e-03
3.228205e-03
3.218965e-03
3.215577e-03
3.224315e-03
3.224605e-03
3.219975e-03
3.226676e-03
3.228126e-03
3.216585e-03
3.228365e-03
3.231744e-03
3.226116e-03
3.226976e-03
3.239135e-03
3.230695e-03
3.229805e-03
3.231036e-03
3.225655e-03
3.222625e-03
3.230605e-03
3.357216e-03
3.211195e-03
3.227646e-03
3.226745e-03
3.224545e-03
3.226887e-03
3.232166e-03
3.223486e-03
3.226365e-03
3.229676e-03
3.222385e-03
3.220625e-03
3.227065e-03
3.232856e-03
3.216377e-03
3.226374e-03
3.296926e-03
3.224445e-03
3.218846e-03
3.233926e-03
3.236045e-03
3.227536e-03
3.230006e-03
3.230336e-03
3.215145e-03
3.229826e-03

--- Configuration ---
nsteps: 100
dt: 1.000000e-04
eps: 5.000000e-02
G: 1.000000e+00
mass: 1.000000e+00
energy_every: 100
energy_tol: 1.000000e-03
kernel_choice: obr
kinetic0: 1.469728e+09
potential0: -2.934067e+09
max_relative_error: 7.003164e-05
PAPI Cycles
0
0
0
0
0
0
0
0
0
0
0
0
0
0
0
0
0
0
0
0
0
0
0
0
0
0
0
0
0
0
0
0
0
0
0
0
0
0
0
0
0
0
0
0
0
0
0
0
0
0
0
0
0
0
0
0
0
0
0
0
0
0
0
0
0
0
0
0
0
0
0
0
0
0
0
0
0
0
0
0
0
0
0
0
0
0
0
0
0
0
0
0
0
0
0
0
0
0
0
0

PAPI Instructions
0
0
0
0
0
0
0
0
0
0
0
0
0
0
0
0
0
0
0
0
0
0
0
0
0
0
0
0
0
0
0
0
0
0
0
0
0
0
0
0
0
0
0
0
0
0
0
0
0
0
0
0
0
0
0
0
0
0
0
0
0
0
0
0
0
0
0
0
0
0
0
0
0
0
0
0
0
0
0
0
0
0
0
0
0
0
0
0
0
0
0
0
0
0
0
0
0
0
0
0

PAPI L1 Misses
0
0
0
0
0
0
0
0
0
0
0
0
0
0
0
0
0
0
0
0
0
0
0
0
0
0
0
0
0
0
0
0
0
0
0
0
0
0
0
0
0
0
0
0
0
0
0
0
0
0
0
0
0
0
0
0
0
0
0
0
0
0
0
0
0
0
0
0
0
0
0
0
0
0
0
0
0
0
0
0
0
0
0
0
0
0
0
0
0
0
0
0
0
0
0
0
0
0
0
0

PAPI L2 Misses
0
0
0
0
0
0
0
0
0
0
0
0
0
0
0
0
0
0
0
0
0
0
0
0
0
0
0
0
0
0
0
0
0
0
0
0
0
0
0
0
0
0
0
0
0
0
0
0
0
0
0
0
0
0
0
0
0
0
0
0
0
0
0
0
0
0
0
0
0
0
0
0
0
0
0
0
0
0
0
0
0
0
0
0
0
0
0
0
0
0
0
0
0
0
0
0
0
0
0
0

PAPI Vectorial DP
0
0
0
0
0
0
0
0
0
0
0
0
0
0
0
0
0
0
0
0
0
0
0
0
0
0
0
0
0
0
0
0
0
0
0
0
0
0
0
0
0
0
0
0
0
0
0
0
0
0
0
0
0
0
0
0
0
0
0
0
0
0
0
0
0
0
0
0
0
0
0
0
0
0
0
0
0
0
0
0
0
0
0
0
0
0
0
0
0
0
0
0
0
0
0
0
0
0
0
0

File Read
2.682570e-03

File Write
4.548656e-03

Total Run
1.617311e+01

Total Step
1.228616e-01
7.529061e-02
7.521504e-02
7.575174e-02
7.712602e-02
7.688737e-02
7.688343e-02
7.737572e-02
7.728032e-02
7.738663e-02
7.729215e-02
7.729501e-02
7.742217e-02
7.736117e-02
7.728935e-02
7.743597e-02
7.736257e-02
7.736131e-02
7.728297e-02
7.738600e-02
7.753915e-02
7.739748e-02
7.858466e-02
7.726173e-02
7.726221e-02
7.829594e-02
7.721088e-02
7.728250e-02
7.745228e-02
7.731712e-02
7.727400e-02
7.739521e-02
7.729985e-02
7.755443e-02
7.738064e-02
7.731397e-02
7.738354e-02
7.729234e-02
8.740228e-02
7.735067e-02
7.732702e-02
7.744991e-02
7.732342e-02
7.732183e-02
7.737325e-02
7.741299e-02
7.753648e-02
7.752540e-02
7.732742e-02
7.741753e-02
7.731736e-02
7.729260e-02
7.831035e-02
7.734310e-02
7.744918e-02
7.746169e-02
7.732625e-02
7.741054e-02
7.743582e-02
7.737584e-02
7.745139e-02
7.735869e-02
7.733653e-02
7.743270e-02
7.769624e-02
7.742126e-02
7.735360e-02
7.743175e-02
7.759043e-02
7.731537e-02
7.732354e-02
7.754095e-02
7.745655e-02
7.737370e-02
7.735697e-02
7.732256e-02
7.742996e-02
7.732950e-02
7.834732e-02
7.749822e-02
7.738986e-02
7.735087e-02
7.742701e-02
7.729460e-02
7.741510e-02
7.747505e-02
7.734563e-02
7.742943e-02
7.745819e-02
7.733753e-02
8.108193e-02
7.732038e-02
7.748006e-02
7.736560e-02
7.736668e-02
7.735064e-02
7.731425e-02
7.745278e-02
7.754069e-02
7.736400e-02

First Drift
1.400709e-04
9.460095e-05
9.404123e-05
9.278115e-05
9.392947e-05
9.628013e-05
9.620097e-05
9.562168e-05
9.640120e-05
9.617116e-05
9.563006e-05
9.666942e-05
1.013801e-04
9.533949e-05
9.736139e-05
9.514112e-05
9.633973e-05
9.456091e-05
9.604916e-05
9.611994e-05
9.700190e-05
9.519048e-05
9.530131e-05
9.617116e-05
9.604078e-05
1.009917e-04
9.749085e-05
9.595137e-05
9.371154e-05
9.443052e-05
9.648036e-05
9.689946e-05
9.808969e-05
9.511970e-05
9.562075e-05
9.512063e-05
9.632111e-05
9.533018e-05
9.668991e-05
9.606127e-05
9.742100e-05
9.585079e-05
1.061000e-04
9.597093e-05
9.824056e-05
1.028096e-04
9.865034e-05
9.816140e-05
9.571109e-05
9.893999e-05
1.008902e-04
9.607151e-05
9.637140e-05
9.676162e-05
9.715091e-05
9.691063e-05
9.662099e-05
9.639002e-05
9.751972e-05
1.006005e-04
9.809062e-05
9.691995e-05
9.924080e-05
9.942986e-05
9.773020e-05
9.528082e-05
9.789132e-05
1.005400e-04
9.747967e-05
1.027109e-04
9.633135e-05
9.778980e-05
1.013801e-04
9.726081e-05
1.008306e-04
9.953137e-05
1.002904e-04
9.681098e-05
9.623077e-05
9.743124e-05
9.745080e-05
9.487942e-05
1.008613e-04
9.614043e-05
9.762123e-05
9.992160e-05
9.733159e-05
1.011910e-04
9.978097e-05
9.919051e-05
9.731110e-05
9.783078e-05
9.844080e-05
9.537116e-05
9.751134e-05
9.503122e-05
9.715091e-05
9.839144e-05
9.839050e-05
9.675045e-05

Compute Force
1.192881e-01
7.188252e-02
7.181664e-02
7.233362e-02
7.372667e-02
7.347840e-02
7.338432e-02
7.395140e-02
7.385875e-02
7.396899e-02
7.386895e-02
7.387672e-02
7.400549e-02
7.393945e-02
7.386671e-02
7.402199e-02
7.394088e-02
7.394830e-02
7.387002e-02
7.397589e-02
7.412525e-02
7.398052e-02
7.516277e-02
7.382924e-02
7.384765e-02
7.487173e-02
7.378052e-02
7.386846e-02
7.403917e-02
7.387671e-02
7.385403e-02
7.397047e-02
7.387999e-02
7.410217e-02
7.394310e-02
7.389697e-02
7.394980e-02
7.386545e-02
8.288277e-02
7.389664e-02
7.387238e-02
7.398396e-02
7.386261e-02
7.387320e-02
7.391631e-02
7.394993e-02
7.408349e-02
7.407760e-02
7.388064e-02
7.395989e-02
7.386331e-02
7.384111e-02
7.484691e-02
7.388778e-02
7.398531e-02
7.400171e-02
7.387215e-02
7.395088e-02
7.398288e-02
7.392018e-02
7.399319e-02
7.391341e-02
7.387720e-02
7.397785e-02
7.423214e-02
7.388162e-02
7.389322e-02
7.395493e-02
7.413694e-02
7.385068e-02
7.386286e-02
7.408891e-02
7.398604e-02
7.392509e-02
7.389385e-02
7.386540e-02
7.397390e-02
7.387144e-02
7.489453e-02
7.403359e-02
7.392901e-02
7.390457e-02
7.397620e-02
7.384122e-02
7.396382e-02
7.401571e-02
7.389806e-02
7.397982e-02
7.400135e-02
7.387970e-02
7.705156e-02
7.385008e-02
7.400596e-02
7.390145e-02
7.390460e-02
7.389006e-02
7.383429e-02
7.398754e-02
7.408270e-02
7.390368e-02

Kick
1.800209e-04
1.377203e-04
1.387205e-04
1.414604e-04
1.447527e-04
1.387214e-04
1.539616e-04
1.468016e-04
1.422409e-04
1.432328e-04
1.430409e-04
1.416411e-04
1.387224e-04
1.410013e-04
1.374809e-04
1.396909e-04
1.418805e-04
1.492621e-04
1.376728e-04
1.387112e-04
1.440514e-04
1.408709e-04
1.398614e-04
1.428006e-04
1.402814e-04
1.549404e-04
1.407517e-04
1.394907e-04
1.375610e-04
1.407415e-04
1.423117e-04
1.408914e-04
1.403717e-04
1.465222e-04
1.433212e-04
1.427922e-04
1.423405e-04
1.455117e-04
1.035118e-03
1.404425e-04
1.401808e-04
1.359805e-04
1.451010e-04
1.395708e-04
1.420109e-04
1.452509e-04
1.421710e-04
1.385612e-04
1.393212e-04
1.389617e-04
1.396220e-04
1.368113e-04
1.448514e-04
1.393510e-04
1.432011e-04
1.488412e-04
1.393305e-04
1.424514e-04
1.382511e-04
1.426209e-04
1.495713e-04
1.391610e-04
1.398409e-04
1.409315e-04
1.456607e-04
1.398614e-04
1.440411e-04
1.451112e-04
1.383508e-04
1.551611e-04
1.452714e-04
1.397412e-04
1.429608e-04
1.401315e-04
1.568515e-04
1.396714e-04
1.386115e-04
1.417110e-04
1.422809e-04
1.493813e-04
1.400607e-04
1.390306e-04
1.341309e-04
1.417110e-04
1.386013e-04
1.458414e-04
1.398511e-04
1.381915e-04
1.401706e-04
1.416411e-04
6.447956e-04
1.424709e-04
1.390204e-04
1.427010e-04
1.391415e-04
1.350809e-04
1.412407e-04
1.377901e-04
1.365915e-04
1.380611e-04

Second Drift
3.206464e-03
3.174685e-03
3.164595e-03
3.183075e-03
3.159516e-03
3.173095e-03
3.248096e-03
3.181065e-03
3.181765e-03
3.176784e-03
3.183136e-03
3.179115e-03
3.175755e-03
3.184695e-03
3.186505e-03
3.178416e-03
3.182625e-03
3.168594e-03
3.178406e-03
3.174475e-03
3.172084e-03
3.179985e-03
3.185945e-03
3.192585e-03
3.177545e-03
3.167515e-03
3.190915e-03
3.177735e-03
3.180845e-03
3.204165e-03
3.180435e-03
3.185985e-03
3.180576e-03
3.209635e-03
3.197855e-03
3.177985e-03
3.194296e-03
3.185305e-03
3.379306e-03
3.216565e-03
3.215485e-03
3.233125e-03
3.208836e-03
3.211984e-03
3.215896e-03
3.213996e-03
3.211335e-03
3.210125e-03
3.210915e-03
3.218575e-03
3.212855e-03
3.217755e-03
3.221096e-03
3.218166e-03
3.222586e-03
3.213155e-03
3.217145e-03
3.219806e-03
3.216226e-03
3.211495e-03
3.209676e-03
3.208045e-03
3.219406e-03
3.213506e-03
3.219706e-03
3.303566e-03
3.217365e-03
3.230406e-03
3.216635e-03
3.206175e-03
3.218146e-03
3.213436e-03
3.213435e-03
3.210356e-03
3.204435e-03
3.217106e-03
3.216305e-03
3.218326e-03
3.213185e-03
3.216896e-03
3.222505e-03
3.211426e-03
3.214936e-03
3.214666e-03
3.213734e-03
3.212426e-03
3.209125e-03
3.209285e-03
3.215886e-03
3.216106e-03
3.287316e-03
3.229085e-03
3.235476e-03
3.225124e-03
3.224405e-03
3.229375e-03
3.240686e-03
3.228394e-03
3.221717e-03
3.224216e-03

--- Configuration ---
nsteps: 100
dt: 1.000000e-04
eps: 5.000000e-02
G: 1.000000e+00
mass: 1.000000e+00
energy_every: 100
energy_tol: 1.000000e-03
kernel_choice: obr
kinetic0: 1.469728e+09
potential0: -2.934067e+09
max_relative_error: 7.003164e-05
PAPI Cycles
0
0
0
0
0
0
0
0
0
0
0
0
0
0
0
0
0
0
0
0
0
0
0
0
0
0
0
0
0
0
0
0
0
0
0
0
0
0
0
0
0
0
0
0
0
0
0
0
0
0
0
0
0
0
0
0
0
0
0
0
0
0
0
0
0
0
0
0
0
0
0
0
0
0
0
0
0
0
0
0
0
0
0
0
0
0
0
0
0
0
0
0
0
0
0
0
0
0
0
0

PAPI Instructions
0
0
0
0
0
0
0
0
0
0
0
0
0
0
0
0
0
0
0
0
0
0
0
0
0
0
0
0
0
0
0
0
0
0
0
0
0
0
0
0
0
0
0
0
0
0
0
0
0
0
0
0
0
0
0
0
0
0
0
0
0
0
0
0
0
0
0
0
0
0
0
0
0
0
0
0
0
0
0
0
0
0
0
0
0
0
0
0
0
0
0
0
0
0
0
0
0
0
0
0

PAPI L1 Misses
0
0
0
0
0
0
0
0
0
0
0
0
0
0
0
0
0
0
0
0
0
0
0
0
0
0
0
0
0
0
0
0
0
0
0
0
0
0
0
0
0
0
0
0
0
0
0
0
0
0
0
0
0
0
0
0
0
0
0
0
0
0
0
0
0
0
0
0
0
0
0
0
0
0
0
0
0
0
0
0
0
0
0
0
0
0
0
0
0
0
0
0
0
0
0
0
0
0
0
0

PAPI L2 Misses
0
0
0
0
0
0
0
0
0
0
0
0
0
0
0
0
0
0
0
0
0
0
0
0
0
0
0
0
0
0
0
0
0
0
0
0
0
0
0
0
0
0
0
0
0
0
0
0
0
0
0
0
0
0
0
0
0
0
0
0
0
0
0
0
0
0
0
0
0
0
0
0
0
0
0
0
0
0
0
0
0
0
0
0
0
0
0
0
0
0
0
0
0
0
0
0
0
0
0
0

PAPI Vectorial DP
0
0
0
0
0
0
0
0
0
0
0
0
0
0
0
0
0
0
0
0
0
0
0
0
0
0
0
0
0
0
0
0
0
0
0
0
0
0
0
0
0
0
0
0
0
0
0
0
0
0
0
0
0
0
0
0
0
0
0
0
0
0
0
0
0
0
0
0
0
0
0
0
0
0
0
0
0
0
0
0
0
0
0
0
0
0
0
0
0
0
0
0
0
0
0
0
0
0
0
0

