File Read
2.774753e-03

File Write
4.563127e-03

Total Run
1.614891e+01

Total Step
9.838306e-02
5.023479e-02
5.022385e-02
5.023228e-02
5.017459e-02
5.023835e-02
5.121432e-02
5.083146e-02
5.148816e-02
5.160956e-02
5.168164e-02
5.159958e-02
5.164546e-02
5.164238e-02
5.163784e-02
5.165251e-02
5.161634e-02
5.159480e-02
5.166308e-02
5.158029e-02
5.173118e-02
5.165589e-02
5.163925e-02
5.167737e-02
5.159324e-02
5.162048e-02
5.163461e-02
5.156432e-02
5.165414e-02
5.159031e-02
5.159773e-02
5.165276e-02
5.157881e-02
5.165120e-02
5.163729e-02
5.161278e-02
5.166282e-02
5.155793e-02
5.164398e-02
5.163914e-02
5.164924e-02
5.165976e-02
5.159169e-02
5.164057e-02
5.165700e-02
5.159345e-02
5.166003e-02
5.161587e-02
5.162196e-02
5.161827e-02
5.156895e-02
5.161042e-02
5.162302e-02
5.158663e-02
5.166329e-02
5.160621e-02
5.161992e-02
5.606798e-02
5.162186e-02
5.170635e-02
5.163829e-02
5.167622e-02
5.163463e-02
5.160676e-02
5.157972e-02
5.164292e-02
5.158305e-02
5.168583e-02
5.165811e-02
5.165386e-02
5.163503e-02
5.155686e-02
5.165885e-02
5.160265e-02
5.159253e-02
5.166256e-02
5.158099e-02
5.160662e-02
5.165886e-02
5.168257e-02
5.168789e-02
5.164888e-02
5.162525e-02
5.173745e-02
5.154564e-02
5.174340e-02
5.162172e-02
5.156257e-02
5.166555e-02
5.158693e-02
5.160589e-02
5.164451e-02
5.157230e-02
5.167558e-02
5.162581e-02
5.160296e-02
5.161892e-02
5.154795e-02
5.169374e-02
5.163295e-02

First Drift
1.395708e-04
9.197090e-05
9.145029e-05
9.166077e-05
9.257998e-05
9.232108e-05
9.967107e-05
9.448081e-05
1.012413e-04
9.574927e-05
9.595975e-05
9.490084e-05
9.673089e-05
1.027798e-04
9.524077e-05
9.536091e-05
1.031412e-04
9.468012e-05
9.621121e-05
9.436067e-05
9.485055e-05
9.610131e-05
9.601098e-05
9.694137e-05
9.518117e-05
9.569060e-05
9.640120e-05
1.005512e-04
9.679049e-05
9.694044e-05
9.453017e-05
9.620097e-05
1.068516e-04
9.489059e-05
9.565149e-05
9.601098e-05
9.684078e-05
9.470154e-05
9.610038e-05
9.819027e-05
1.009004e-04
9.652134e-05
9.532087e-05
9.464007e-05
9.652041e-05
9.440072e-05
9.511132e-05
9.679142e-05
9.575021e-05
9.724032e-05
9.514019e-05
9.593088e-05
9.699073e-05
9.545032e-05
9.686127e-05
9.620003e-05
1.017097e-04
9.577163e-05
9.608176e-05
9.640027e-05
1.035705e-04
9.352062e-05
9.520072e-05
9.633135e-05
9.534135e-05
9.540096e-05
9.390991e-05
9.579118e-05
1.016809e-04
9.747036e-05
9.854138e-05
1.007905e-04
9.632949e-05
9.642076e-05
9.401049e-05
9.588152e-05
9.650085e-05
9.506103e-05
9.515975e-05
9.408034e-05
9.495113e-05
9.523146e-05
9.689108e-05
9.881146e-05
9.573996e-05
9.610131e-05
9.663124e-05
9.374041e-05
9.548105e-05
9.601004e-05
1.038909e-04
9.608082e-05
9.395089e-05
9.495951e-05
9.550154e-05
9.699073e-05
9.868015e-05
9.633973e-05
9.621121e-05
9.662099e-05

Compute Force
9.532732e-02
4.716269e-02
4.709589e-02
4.711214e-02
4.706324e-02
4.712751e-02
4.813546e-02
4.768946e-02
4.838123e-02
4.850704e-02
4.855625e-02
4.854046e-02
4.854179e-02
4.853028e-02
4.854790e-02
4.852747e-02
4.853613e-02
4.849368e-02
4.853846e-02
4.849735e-02
4.857828e-02
4.855784e-02
4.851800e-02
4.855878e-02
4.852683e-02
4.851518e-02
4.852943e-02
4.848034e-02
4.852927e-02
4.853205e-02
4.850334e-02
4.853040e-02
4.849729e-02
4.851103e-02
4.853572e-02
4.849686e-02
4.854491e-02
4.849368e-02
4.853944e-02
4.853357e-02
4.855622e-02
4.853347e-02
4.853483e-02
4.853079e-02
4.854070e-02
4.852636e-02
4.852674e-02
4.851377e-02
4.851177e-02
4.849795e-02
4.851029e-02
4.851183e-02
4.851935e-02
4.850842e-02
4.853760e-02
4.854823e-02
4.850693e-02
5.225998e-02
4.855466e-02
4.857309e-02
4.854365e-02
4.859005e-02
4.849862e-02
4.853599e-02
4.845829e-02
4.852400e-02
4.852157e-02
4.852776e-02
4.852888e-02
4.852984e-02
4.851938e-02
4.849946e-02
4.851970e-02
4.851699e-02
4.851050e-02
4.850752e-02
4.851560e-02
4.849280e-02
4.854222e-02
4.855619e-02
4.853767e-02
4.853129e-02
4.850507e-02
4.852831e-02
4.849546e-02
4.851279e-02
4.853494e-02
4.847679e-02
4.851555e-02
4.853622e-02
4.848349e-02
4.852499e-02
4.851696e-02
4.852073e-02
4.851423e-02
4.849225e-02
4.849258e-02
4.849500e-02
4.856887e-02
4.855091e-02

Kick
1.472319e-04
1.353910e-04
1.300806e-04
1.297314e-04
1.296010e-04
1.393417e-04
1.378516e-04
1.365617e-04
1.310110e-04
1.308713e-04
1.282906e-04
1.319814e-04
1.369715e-04
1.306115e-04
1.316806e-04
1.352914e-04
1.330413e-04
1.306310e-04
1.355214e-04
1.318408e-04
1.314413e-04
1.310613e-04
1.312308e-04
1.292406e-04
1.329109e-04
1.293309e-04
1.394218e-04
1.319917e-04
1.290217e-04
1.332415e-04
1.301812e-04
1.444519e-04
1.327815e-04
1.321016e-04
1.313109e-04
1.308303e-04
1.287209e-04
1.330310e-04
1.306105e-04
1.379410e-04
1.327712e-04
1.283614e-04
1.476211e-04
1.305407e-04
1.293616e-04
1.319908e-04
1.313509e-04
1.306608e-04
1.316909e-04
1.291409e-04
1.417417e-04
1.302604e-04
1.298515e-04
1.320215e-04
1.293710e-04
1.395112e-04
1.300909e-04
6.216355e-04
1.377314e-04
1.353808e-04
1.310911e-04
1.316108e-04
1.291521e-04
1.324108e-04
1.297612e-04
1.376504e-04
1.313211e-04
1.382716e-04
1.308005e-04
1.310222e-04
1.354907e-04
1.324210e-04
1.295405e-04
1.307614e-04
1.318818e-04
1.358110e-04
1.321509e-04
1.306608e-04
1.355913e-04
1.317514e-04
1.306310e-04
1.315102e-04
1.308313e-04
1.287712e-04
1.324611e-04
1.295712e-04
1.313910e-04
1.308303e-04
1.287116e-04
1.311013e-04
1.309710e-04
1.368709e-04
1.318809e-04
1.317915e-04
1.316210e-04
1.322106e-04
1.276806e-04
1.413804e-04
1.295516e-04
1.304410e-04

Second Drift
2.710671e-03
2.843753e-03
2.905393e-03
2.897503e-03
2.888323e-03
2.878362e-03
2.840342e-03
2.909943e-03
2.873662e-03
2.874953e-03
2.900123e-03
2.831202e-03
2.869313e-03
2.877903e-03
2.862363e-03
2.893253e-03
2.843142e-03
2.875042e-03
2.891922e-03
2.855793e-03
2.925313e-03
2.870052e-03
2.893222e-03
2.891392e-03
2.837203e-03
2.879393e-03
2.868332e-03
2.850623e-03
2.898243e-03
2.826883e-03
2.868691e-03
2.880552e-03
2.840882e-03
2.912503e-03
2.873802e-03
2.888204e-03
2.891503e-03
2.835643e-03
2.877124e-03
2.868363e-03
2.858543e-03
2.900793e-03
2.812892e-03
2.883643e-03
2.889642e-03
2.839653e-03
2.906193e-03
2.873583e-03
2.881983e-03
2.893084e-03
2.820572e-03
2.871613e-03
2.876013e-03
2.850062e-03
2.898552e-03
2.821162e-03
2.880322e-03
3.069925e-03
2.832202e-03
2.900713e-03
2.858933e-03
2.860473e-03
2.911163e-03
2.841093e-03
2.895723e-03
2.884983e-03
2.835803e-03
2.923173e-03
2.896072e-03
2.894984e-03
2.880843e-03
2.823482e-03
2.900563e-03
2.857753e-03
2.855482e-03
2.922364e-03
2.835873e-03
2.887633e-03
2.885083e-03
2.899784e-03
2.924133e-03
2.890293e-03
2.891793e-03
2.981083e-03
2.820992e-03
3.004524e-03
2.857743e-03
2.860512e-03
2.925154e-03
2.823022e-03
2.887113e-03
2.886053e-03
2.828853e-03
2.927593e-03
2.883653e-03
2.881012e-03
2.899373e-03
2.814461e-03
2.898393e-03
2.854021e-03

--- Configuration ---
nsteps: 100
dt: 1.000000e-04
eps: 5.000000e-02
G: 1.000000e+00
mass: 1.000000e+00
energy_every: 100
energy_tol: 1.000000e-03
kernel_choice: obrt
kinetic0: 1.469728e+09
potential0: -2.934067e+09
max_relative_error: 7.003164e-05
PAPI Cycles
0
0
0
0
0
0
0
0
0
0
0
0
0
0
0
0
0
0
0
0
0
0
0
0
0
0
0
0
0
0
0
0
0
0
0
0
0
0
0
0
0
0
0
0
0
0
0
0
0
0
0
0
0
0
0
0
0
0
0
0
0
0
0
0
0
0
0
0
0
0
0
0
0
0
0
0
0
0
0
0
0
0
0
0
0
0
0
0
0
0
0
0
0
0
0
0
0
0
0
0

PAPI Instructions
0
0
0
0
0
0
0
0
0
0
0
0
0
0
0
0
0
0
0
0
0
0
0
0
0
0
0
0
0
0
0
0
0
0
0
0
0
0
0
0
0
0
0
0
0
0
0
0
0
0
0
0
0
0
0
0
0
0
0
0
0
0
0
0
0
0
0
0
0
0
0
0
0
0
0
0
0
0
0
0
0
0
0
0
0
0
0
0
0
0
0
0
0
0
0
0
0
0
0
0

PAPI L1 Misses
0
0
0
0
0
0
0
0
0
0
0
0
0
0
0
0
0
0
0
0
0
0
0
0
0
0
0
0
0
0
0
0
0
0
0
0
0
0
0
0
0
0
0
0
0
0
0
0
0
0
0
0
0
0
0
0
0
0
0
0
0
0
0
0
0
0
0
0
0
0
0
0
0
0
0
0
0
0
0
0
0
0
0
0
0
0
0
0
0
0
0
0
0
0
0
0
0
0
0
0

PAPI L2 Misses
0
0
0
0
0
0
0
0
0
0
0
0
0
0
0
0
0
0
0
0
0
0
0
0
0
0
0
0
0
0
0
0
0
0
0
0
0
0
0
0
0
0
0
0
0
0
0
0
0
0
0
0
0
0
0
0
0
0
0
0
0
0
0
0
0
0
0
0
0
0
0
0
0
0
0
0
0
0
0
0
0
0
0
0
0
0
0
0
0
0
0
0
0
0
0
0
0
0
0
0

PAPI Vectorial DP
0
0
0
0
0
0
0
0
0
0
0
0
0
0
0
0
0
0
0
0
0
0
0
0
0
0
0
0
0
0
0
0
0
0
0
0
0
0
0
0
0
0
0
0
0
0
0
0
0
0
0
0
0
0
0
0
0
0
0
0
0
0
0
0
0
0
0
0
0
0
0
0
0
0
0
0
0
0
0
0
0
0
0
0
0
0
0
0
0
0
0
0
0
0
0
0
0
0
0
0

File Read
4.437235e-03

File Write
5.686384e-03

Total Run
1.618557e+01

Total Step
9.914558e-02
5.022189e-02
5.022361e-02
5.019979e-02
5.022212e-02
5.028813e-02
5.138166e-02
5.095454e-02
5.148313e-02
5.166973e-02
5.159622e-02
5.165432e-02
5.167296e-02
5.160661e-02
5.162205e-02
5.167895e-02
5.163108e-02
5.168845e-02
5.162437e-02
5.164986e-02
5.168227e-02
5.160977e-02
5.168099e-02
5.162148e-02
5.163204e-02
5.167334e-02
5.159637e-02
5.158644e-02
5.168912e-02
5.166425e-02
5.169393e-02
5.159585e-02
5.162880e-02
5.165015e-02
5.159894e-02
5.163295e-02
5.160714e-02
5.163948e-02
5.169946e-02
5.157271e-02
5.159090e-02
5.164145e-02
5.160788e-02
5.170761e-02
5.159168e-02
5.159600e-02
5.164612e-02
5.159162e-02
5.167323e-02
5.163427e-02
5.163194e-02
5.166175e-02
5.157526e-02
5.160400e-02
5.163149e-02
5.159991e-02
5.167955e-02
5.604036e-02
5.168706e-02
5.165904e-02
5.157319e-02
5.164208e-02
5.163061e-02
5.161160e-02
5.163466e-02
5.154279e-02
5.155200e-02
5.162145e-02
5.155243e-02
5.163470e-02
5.157901e-02
5.157816e-02
5.165583e-02
5.156890e-02
5.158518e-02
5.164649e-02
5.162432e-02
5.162699e-02
5.159086e-02
5.161597e-02
5.166630e-02
5.157261e-02
5.165130e-02
5.157900e-02
5.159637e-02
5.163089e-02
5.155784e-02
5.160021e-02
5.162864e-02
5.162035e-02
5.162078e-02
5.155776e-02
5.164031e-02
5.163145e-02
5.154157e-02
5.168292e-02
5.157032e-02
5.159539e-02
5.163463e-02
5.156814e-02

First Drift
1.445208e-04
9.312108e-05
9.187125e-05
9.244122e-05
9.226985e-05
9.381119e-05
9.348057e-05
9.438954e-05
9.450130e-05
9.390153e-05
9.537116e-05
9.542145e-05
9.541027e-05
9.666011e-05
9.504054e-05
9.371992e-05
9.421073e-05
9.663031e-05
9.408034e-05
9.512063e-05
1.027109e-04
9.534135e-05
9.472016e-05
9.988155e-05
9.292085e-05
9.465963e-05
9.523146e-05
9.484030e-05
9.308942e-05
9.347126e-05
9.548105e-05
9.390060e-05
9.325985e-05
9.456091e-05
1.026206e-04
9.426102e-05
9.513181e-05
9.315088e-05
9.521190e-05
9.526033e-05
9.531062e-05
9.338092e-05
1.005512e-04
9.520072e-05
9.400118e-05
9.422097e-05
9.451993e-05
9.571016e-05
9.385962e-05
9.582937e-05
9.412039e-05
9.583123e-05
9.624101e-05
9.497069e-05
9.477045e-05
9.429082e-05
9.547174e-05
9.443052e-05
9.679142e-05
9.858049e-05
9.396020e-05
9.639096e-05
9.996165e-05
9.615161e-05
9.667128e-05
9.698141e-05
9.691156e-05
1.003211e-04
9.441003e-05
9.585172e-05
9.527151e-05
9.706989e-05
1.018513e-04
9.403098e-05
9.700097e-05
9.578001e-05
9.558070e-05
9.605940e-05
9.570085e-05
9.606127e-05
9.606127e-05
9.464100e-05
9.635091e-05
9.555090e-05
9.661075e-05
1.003910e-04
9.478070e-05
9.660982e-05
9.566080e-05
9.462051e-05
1.014117e-04
9.533111e-05
9.493995e-05
9.650085e-05
9.352993e-05
1.018606e-04
9.491108e-05
9.551086e-05
9.424053e-05
9.470992e-05

Compute Force
9.607145e-02
4.710848e-02
4.709586e-02
4.710188e-02
4.708332e-02
4.717466e-02
4.826498e-02
4.780295e-02
4.839384e-02
4.853837e-02
4.848074e-02
4.853513e-02
4.852254e-02
4.853214e-02
4.851804e-02
4.852309e-02
4.851366e-02
4.853585e-02
4.853058e-02
4.853679e-02
4.852518e-02
4.852232e-02
4.854913e-02
4.849823e-02
4.851321e-02
4.853166e-02
4.851419e-02
4.848185e-02
4.853621e-02
4.851049e-02
4.853392e-02
4.850020e-02
4.851639e-02
4.849790e-02
4.850452e-02
4.850300e-02
4.848665e-02
4.852206e-02
4.855583e-02
4.850028e-02
4.848629e-02
4.849915e-02
4.848946e-02
4.855498e-02
4.849679e-02
4.848711e-02
4.849603e-02
4.850397e-02
4.854409e-02
4.850212e-02
4.851363e-02
4.852045e-02
4.849650e-02
4.849853e-02
4.849886e-02
4.848227e-02
4.852452e-02
5.229010e-02
4.855924e-02
4.851522e-02
4.851608e-02
4.853728e-02
4.848705e-02
4.849543e-02
4.849039e-02
4.847182e-02
4.845287e-02
4.848557e-02
4.847856e-02
4.847829e-02
4.848155e-02
4.844635e-02
4.849335e-02
4.849999e-02
4.847745e-02
4.850145e-02
4.850000e-02
4.848610e-02
4.852585e-02
4.851314e-02
4.853426e-02
4.846875e-02
4.850098e-02
4.847721e-02
4.846734e-02
4.848109e-02
4.848557e-02
4.849980e-02
4.847855e-02
4.850108e-02
4.847919e-02
4.849524e-02
4.852677e-02
4.849699e-02
4.845468e-02
4.852267e-02
4.847538e-02
4.847856e-02
4.848687e-02
4.850460e-02

Kick
1.364714e-04
1.356211e-04
1.290506e-04
1.282906e-04
1.322515e-04
1.284210e-04
1.369612e-04
1.300313e-04
1.387112e-04
1.327302e-04
1.342306e-04
1.331810e-04
1.303013e-04
1.292713e-04
1.327712e-04
1.303414e-04
1.379410e-04
1.358511e-04
1.294501e-04
1.450712e-04
1.305211e-04
1.301011e-04
1.395503e-04
1.333011e-04
1.334809e-04
1.299204e-04
1.296513e-04
1.329510e-04
1.321509e-04
1.325812e-04
1.375210e-04
1.301905e-04
1.361510e-04
1.386506e-04
1.295609e-04
1.321007e-04
1.355810e-04
1.311209e-04
1.300806e-04
1.286110e-04
1.323204e-04
1.381105e-04
1.318306e-04
1.355307e-04
1.299009e-04
1.376206e-04
1.292108e-04
1.292918e-04
1.323409e-04
1.416709e-04
1.323409e-04
1.289714e-04
1.366409e-04
1.313705e-04
1.301207e-04
1.313714e-04
1.365310e-04
6.052554e-04
1.316518e-04
1.305304e-04
1.291316e-04
1.390921e-04
1.301207e-04
1.316806e-04
1.356611e-04
1.300611e-04
1.407517e-04
1.333309e-04
1.290310e-04
1.317104e-04
1.280410e-04
1.408616e-04
1.293113e-04
1.301421e-04
1.344709e-04
1.308909e-04
1.381310e-04
1.308611e-04
1.297211e-04
1.310809e-04
1.309114e-04
1.300015e-04
1.310008e-04
1.284909e-04
1.382511e-04
1.302510e-04
1.289705e-04
1.315912e-04
1.308909e-04
1.401007e-04
1.317915e-04
1.291614e-04
1.328215e-04
1.294212e-04
1.376709e-04
1.338208e-04
1.263609e-04
1.323605e-04
1.310911e-04
1.289910e-04

Second Drift
2.734400e-03
2.883294e-03
2.905363e-03
2.876041e-03
2.912973e-03
2.889943e-03
2.884933e-03
2.925964e-03
2.854872e-03
2.903462e-03
2.884702e-03
2.889864e-03
2.923703e-03
2.847672e-03
2.874994e-03
2.930863e-03
2.884422e-03
2.918793e-03
2.869233e-03
2.871902e-03
2.922912e-03
2.860794e-03
2.896253e-03
2.889164e-03
2.891523e-03
2.915554e-03
2.856373e-03
2.875323e-03
2.926283e-03
2.926623e-03
2.925773e-03
2.870423e-03
2.881582e-03
2.917863e-03
2.861062e-03
2.902193e-03
2.888673e-03
2.891693e-03
2.917282e-03
2.847422e-03
2.875634e-03
2.909563e-03
2.884862e-03
2.920703e-03
2.869933e-03
2.875993e-03
2.925353e-03
2.861633e-03
2.901623e-03
2.893402e-03
2.890763e-03
2.915563e-03
2.845111e-03
2.877882e-03
2.906603e-03
2.891023e-03
2.921793e-03
3.034893e-03
2.898663e-03
2.914103e-03
2.833452e-03
2.868623e-03
2.912573e-03
2.887582e-03
2.911082e-03
2.842981e-03
2.860323e-03
2.901063e-03
2.849612e-03
2.927744e-03
2.873533e-03
2.893233e-03
2.916462e-03
2.843893e-03
2.875382e-03
2.917503e-03
2.889883e-03
2.912583e-03
2.838742e-03
2.874683e-03
2.904101e-03
2.878523e-03
2.921693e-03
2.876773e-03
2.893003e-03
2.918313e-03
2.847862e-03
2.871263e-03
2.922653e-03
2.883743e-03
2.907854e-03
2.837242e-03
2.884553e-03
2.907513e-03
2.854782e-03
2.923873e-03
2.872983e-03
2.887963e-03
2.921393e-03
2.839062e-03

--- Configuration ---
nsteps: 100
dt: 1.000000e-04
eps: 5.000000e-02
G: 1.000000e+00
mass: 1.000000e+00
energy_every: 100
energy_tol: 1.000000e-03
kernel_choice: obrt
kinetic0: 1.469728e+09
potential0: -2.934067e+09
max_relative_error: 7.003164e-05
PAPI Cycles
0
0
0
0
0
0
0
0
0
0
0
0
0
0
0
0
0
0
0
0
0
0
0
0
0
0
0
0
0
0
0
0
0
0
0
0
0
0
0
0
0
0
0
0
0
0
0
0
0
0
0
0
0
0
0
0
0
0
0
0
0
0
0
0
0
0
0
0
0
0
0
0
0
0
0
0
0
0
0
0
0
0
0
0
0
0
0
0
0
0
0
0
0
0
0
0
0
0
0
0

PAPI Instructions
0
0
0
0
0
0
0
0
0
0
0
0
0
0
0
0
0
0
0
0
0
0
0
0
0
0
0
0
0
0
0
0
0
0
0
0
0
0
0
0
0
0
0
0
0
0
0
0
0
0
0
0
0
0
0
0
0
0
0
0
0
0
0
0
0
0
0
0
0
0
0
0
0
0
0
0
0
0
0
0
0
0
0
0
0
0
0
0
0
0
0
0
0
0
0
0
0
0
0
0

PAPI L1 Misses
0
0
0
0
0
0
0
0
0
0
0
0
0
0
0
0
0
0
0
0
0
0
0
0
0
0
0
0
0
0
0
0
0
0
0
0
0
0
0
0
0
0
0
0
0
0
0
0
0
0
0
0
0
0
0
0
0
0
0
0
0
0
0
0
0
0
0
0
0
0
0
0
0
0
0
0
0
0
0
0
0
0
0
0
0
0
0
0
0
0
0
0
0
0
0
0
0
0
0
0

PAPI L2 Misses
0
0
0
0
0
0
0
0
0
0
0
0
0
0
0
0
0
0
0
0
0
0
0
0
0
0
0
0
0
0
0
0
0
0
0
0
0
0
0
0
0
0
0
0
0
0
0
0
0
0
0
0
0
0
0
0
0
0
0
0
0
0
0
0
0
0
0
0
0
0
0
0
0
0
0
0
0
0
0
0
0
0
0
0
0
0
0
0
0
0
0
0
0
0
0
0
0
0
0
0

PAPI Vectorial DP
0
0
0
0
0
0
0
0
0
0
0
0
0
0
0
0
0
0
0
0
0
0
0
0
0
0
0
0
0
0
0
0
0
0
0
0
0
0
0
0
0
0
0
0
0
0
0
0
0
0
0
0
0
0
0
0
0
0
0
0
0
0
0
0
0
0
0
0
0
0
0
0
0
0
0
0
0
0
0
0
0
0
0
0
0
0
0
0
0
0
0
0
0
0
0
0
0
0
0
0

File Read
2.728292e-03

File Write
6.357801e-03

Total Run
1.618775e+01

Total Step
9.842932e-02
5.021666e-02
5.243290e-02
5.025998e-02
5.025929e-02
5.046042e-02
5.144301e-02
5.097034e-02
5.151942e-02
5.165885e-02
5.167270e-02
5.176359e-02
5.170120e-02
5.165580e-02
5.166106e-02
5.170136e-02
5.170209e-02
5.167390e-02
5.167341e-02
5.165238e-02
5.167629e-02
5.163254e-02
5.166936e-02
5.168186e-02
5.167731e-02
5.168645e-02
5.164169e-02
5.165450e-02
5.165109e-02
5.166250e-02
5.170879e-02
5.167578e-02
5.164958e-02
5.169087e-02
5.170461e-02
5.170644e-02
5.168263e-02
5.167979e-02
5.171509e-02
5.166143e-02
5.163057e-02
5.165874e-02
5.167260e-02
5.174059e-02
5.170138e-02
5.165102e-02
5.171632e-02
5.162320e-02
5.167785e-02
5.163325e-02
5.163420e-02
5.169018e-02
5.167067e-02
5.164963e-02
5.169661e-02
5.167670e-02
5.167358e-02
5.888137e-02
5.170528e-02
5.171067e-02
5.167036e-02
5.169596e-02
5.168961e-02
5.168397e-02
5.165899e-02
5.168518e-02
5.164733e-02
5.166756e-02
5.161846e-02
5.163729e-02
5.161562e-02
5.162576e-02
5.167866e-02
5.166737e-02
5.163993e-02
5.168967e-02
5.165275e-02
5.238668e-02
5.169397e-02
5.174844e-02
5.166801e-02
5.166421e-02
5.167683e-02
5.175867e-02
5.166523e-02
5.163884e-02
5.163449e-02
5.169659e-02
5.168894e-02
5.160217e-02
5.166238e-02
5.166383e-02
5.165017e-02
5.169854e-02
5.160663e-02
5.163913e-02
5.175129e-02
5.166593e-02
5.178959e-02
5.162357e-02

First Drift
1.405114e-04
9.077135e-05
9.207055e-05
9.387173e-05
9.153038e-05
9.425078e-05
9.419955e-05
9.549037e-05
9.489991e-05
9.438116e-05
1.025610e-04
9.440165e-05
9.625964e-05
9.594020e-05
9.533111e-05
9.430014e-05
9.553134e-05
9.559095e-05
9.479094e-05
9.552017e-05
9.603146e-05
9.432063e-05
9.529013e-05
9.758025e-05
9.388104e-05
9.631086e-05
9.582099e-05
9.480119e-05
9.538047e-05
9.497162e-05
9.654090e-05
9.452086e-05
9.406079e-05
9.561982e-05
9.576045e-05
9.439141e-05
9.681005e-05
9.503029e-05
9.592995e-05
9.607989e-05
9.606965e-05
9.519141e-05
9.510107e-05
9.530131e-05
1.016511e-04
9.464100e-05
9.468943e-05
9.470060e-05
9.536091e-05
9.639096e-05
1.010206e-04
9.625126e-05
9.447057e-05
1.024613e-04
9.520072e-05
9.567104e-05
1.007104e-04
9.535160e-05
9.710062e-05
9.622052e-05
1.025014e-04
9.797048e-05
9.515136e-05
9.634066e-05
9.488128e-05
9.678025e-05
9.808969e-05
9.610131e-05
9.697117e-05
1.021000e-04
9.458046e-05
9.552110e-05
9.639002e-05
9.666011e-05
9.657163e-05
9.418093e-05
9.632111e-05
9.443983e-05
9.578094e-05
9.595137e-05
9.591132e-05
9.694137e-05
9.462144e-05
9.561051e-05
9.633135e-05
9.602029e-05
9.690039e-05
9.442121e-05
9.508058e-05
9.695068e-05
9.619072e-05
9.562075e-05
9.527057e-05
9.647105e-05
9.635091e-05
1.008008e-04
9.623077e-05
9.664148e-05
9.457115e-05
9.611063e-05

Compute Force
9.532660e-02
4.712983e-02
4.933802e-02
4.714026e-02
4.712907e-02
4.735094e-02
4.832209e-02
4.784310e-02
4.843352e-02
4.851898e-02
4.854779e-02
4.864798e-02
4.856021e-02
4.854555e-02
4.854698e-02
4.858757e-02
4.856986e-02
4.853475e-02
4.857620e-02
4.854106e-02
4.855580e-02
4.854177e-02
4.853795e-02
4.856351e-02
4.855599e-02
4.855107e-02
4.853748e-02
4.855790e-02
4.853644e-02
4.853008e-02
4.856345e-02
4.857158e-02
4.853244e-02
4.856563e-02
4.861553e-02
4.857613e-02
4.856759e-02
4.854682e-02
4.859285e-02
4.854820e-02
4.853996e-02
4.854839e-02
4.854051e-02
4.860229e-02
4.858069e-02
4.853776e-02
4.859210e-02
4.854035e-02
4.855025e-02
4.851835e-02
4.850563e-02
4.857680e-02
4.855754e-02
4.854625e-02
4.858916e-02
4.854349e-02
4.852714e-02
5.510810e-02
4.857996e-02
4.857907e-02
4.854710e-02
4.859053e-02
4.855071e-02
4.856663e-02
4.852934e-02
4.857002e-02
4.852002e-02
4.853622e-02
4.852428e-02
4.851341e-02
4.851551e-02
4.850365e-02
4.854280e-02
4.855258e-02
4.853135e-02
4.856004e-02
4.854088e-02
4.926275e-02
4.854784e-02
4.855229e-02
4.853592e-02
4.856199e-02
4.855693e-02
4.856096e-02
4.853686e-02
4.851499e-02
4.852647e-02
4.853776e-02
4.855512e-02
4.849869e-02
4.853013e-02
4.853545e-02
4.853177e-02
4.857106e-02
4.851824e-02
4.851373e-02
4.861124e-02
4.854424e-02
4.852543e-02
4.853961e-02

Kick
1.412416e-04
1.365617e-04
1.315018e-04
1.324415e-04
1.372509e-04
1.335703e-04
1.328010e-04
1.317309e-04
1.306310e-04
1.324508e-04
1.326511e-04
1.318613e-04
1.386311e-04
1.334911e-04
1.330310e-04
1.363913e-04
1.395615e-04
1.378218e-04
1.318902e-04
1.320411e-04
1.323214e-04
1.306515e-04
1.316909e-04
1.335107e-04
1.337510e-04
1.328113e-04
1.329705e-04
1.321007e-04
1.367014e-04
1.384905e-04
1.372006e-04
1.325309e-04
1.334511e-04
1.318604e-04
1.320606e-04
1.321817e-04
1.322106e-04
1.342120e-04
1.323512e-04
1.334008e-04
1.386916e-04
1.325011e-04
1.395810e-04
1.449315e-04
1.328513e-04
1.339111e-04
1.320308e-04
1.335517e-04
1.306711e-04
1.399508e-04
1.336103e-04
1.316005e-04
1.403512e-04
1.319004e-04
1.315009e-04
1.484612e-04
1.374315e-04
6.093457e-04
1.343610e-04
1.416309e-04
1.332806e-04
1.298906e-04
1.382604e-04
1.313211e-04
1.327917e-04
1.327507e-04
1.325812e-04
1.328615e-04
1.383610e-04
1.332117e-04
1.326827e-04
1.342809e-04
1.307409e-04
1.337808e-04
1.312811e-04
1.324508e-04
1.316210e-04
1.314217e-04
1.333607e-04
2.091816e-04
1.318008e-04
1.319507e-04
1.318809e-04
1.372416e-04
1.338702e-04
1.319405e-04
1.332210e-04
1.320709e-04
1.321407e-04
1.317915e-04
1.317114e-04
1.323717e-04
1.330115e-04
1.319610e-04
1.326716e-04
1.326110e-04
1.385715e-04
1.339912e-04
1.320206e-04
1.327116e-04

Second Drift
2.763092e-03
2.858303e-03
2.869773e-03
2.892352e-03
2.900503e-03
2.880841e-03
2.893112e-03
2.898903e-03
2.859392e-03
2.912273e-03
2.889013e-03
2.888721e-03
2.905304e-03
2.879933e-03
2.884833e-03
2.881653e-03
2.896363e-03
2.904642e-03
2.869473e-03
2.882732e-03
2.891303e-03
2.864733e-03
2.903013e-03
2.885964e-03
2.892812e-03
2.905313e-03
2.874263e-03
2.868603e-03
2.881803e-03
2.898203e-03
2.910513e-03
2.876133e-03
2.888743e-03
2.896973e-03
2.860573e-03
2.902473e-03
2.885044e-03
2.903054e-03
2.893194e-03
2.882673e-03
2.855003e-03
2.881583e-03
2.896623e-03
2.897003e-03
2.885154e-03
2.883813e-03
2.896523e-03
2.853812e-03
2.900553e-03
2.877533e-03
2.893424e-03
2.884273e-03
2.876993e-03
2.868223e-03
2.879943e-03
2.888212e-03
2.907553e-03
3.015914e-03
2.893193e-03
2.892793e-03
2.886313e-03
2.876833e-03
2.904603e-03
2.889113e-03
2.901392e-03
2.885044e-03
2.896193e-03
2.901752e-03
2.858182e-03
2.887893e-03
2.872203e-03
2.891753e-03
2.894693e-03
2.883602e-03
2.879824e-03
2.902202e-03
2.883174e-03
2.897493e-03
2.916143e-03
2.890182e-03
2.903301e-03
2.872753e-03
2.892873e-03
2.964392e-03
2.897453e-03
2.895373e-03
2.877243e-03
2.931953e-03
2.905733e-03
2.874272e-03
2.903863e-03
2.899922e-03
2.889513e-03
2.898432e-03
2.858832e-03
2.891363e-03
2.904593e-03
2.890414e-03
3.036704e-03
2.854523e-03

--- Configuration ---
nsteps: 100
dt: 1.000000e-04
eps: 5.000000e-02
G: 1.000000e+00
mass: 1.000000e+00
energy_every: 100
energy_tol: 1.000000e-03
kernel_choice: obrt
kinetic0: 1.469728e+09
potential0: -2.934067e+09
max_relative_error: 7.003164e-05
PAPI Cycles
0
0
0
0
0
0
0
0
0
0
0
0
0
0
0
0
0
0
0
0
0
0
0
0
0
0
0
0
0
0
0
0
0
0
0
0
0
0
0
0
0
0
0
0
0
0
0
0
0
0
0
0
0
0
0
0
0
0
0
0
0
0
0
0
0
0
0
0
0
0
0
0
0
0
0
0
0
0
0
0
0
0
0
0
0
0
0
0
0
0
0
0
0
0
0
0
0
0
0
0

PAPI Instructions
0
0
0
0
0
0
0
0
0
0
0
0
0
0
0
0
0
0
0
0
0
0
0
0
0
0
0
0
0
0
0
0
0
0
0
0
0
0
0
0
0
0
0
0
0
0
0
0
0
0
0
0
0
0
0
0
0
0
0
0
0
0
0
0
0
0
0
0
0
0
0
0
0
0
0
0
0
0
0
0
0
0
0
0
0
0
0
0
0
0
0
0
0
0
0
0
0
0
0
0

PAPI L1 Misses
0
0
0
0
0
0
0
0
0
0
0
0
0
0
0
0
0
0
0
0
0
0
0
0
0
0
0
0
0
0
0
0
0
0
0
0
0
0
0
0
0
0
0
0
0
0
0
0
0
0
0
0
0
0
0
0
0
0
0
0
0
0
0
0
0
0
0
0
0
0
0
0
0
0
0
0
0
0
0
0
0
0
0
0
0
0
0
0
0
0
0
0
0
0
0
0
0
0
0
0

PAPI L2 Misses
0
0
0
0
0
0
0
0
0
0
0
0
0
0
0
0
0
0
0
0
0
0
0
0
0
0
0
0
0
0
0
0
0
0
0
0
0
0
0
0
0
0
0
0
0
0
0
0
0
0
0
0
0
0
0
0
0
0
0
0
0
0
0
0
0
0
0
0
0
0
0
0
0
0
0
0
0
0
0
0
0
0
0
0
0
0
0
0
0
0
0
0
0
0
0
0
0
0
0
0

PAPI Vectorial DP
0
0
0
0
0
0
0
0
0
0
0
0
0
0
0
0
0
0
0
0
0
0
0
0
0
0
0
0
0
0
0
0
0
0
0
0
0
0
0
0
0
0
0
0
0
0
0
0
0
0
0
0
0
0
0
0
0
0
0
0
0
0
0
0
0
0
0
0
0
0
0
0
0
0
0
0
0
0
0
0
0
0
0
0
0
0
0
0
0
0
0
0
0
0
0
0
0
0
0
0

File Read
3.902911e-03

File Write
7.999582e-03

Total Run
1.612433e+01

Total Step
9.884679e-02
5.019903e-02
5.027045e-02
5.025157e-02
5.021491e-02
5.037489e-02
5.141210e-02
5.101111e-02
5.158888e-02
5.159145e-02
5.164716e-02
5.163983e-02
5.172148e-02
5.172913e-02
5.162934e-02
5.166169e-02
5.170218e-02
5.164980e-02
5.184312e-02
5.169822e-02
5.167133e-02
5.171512e-02
5.164265e-02
5.166903e-02
5.165170e-02
5.166256e-02
5.166329e-02
5.160967e-02
5.167598e-02
5.163055e-02
5.167495e-02
5.176298e-02
5.169649e-02
5.169941e-02
5.166969e-02
5.162965e-02
5.168453e-02
5.167920e-02
5.169661e-02
5.166156e-02
5.165547e-02
5.172190e-02
5.161333e-02
5.166517e-02
5.172978e-02
5.162151e-02
5.166606e-02
5.171725e-02
5.165375e-02
5.167126e-02
5.166086e-02
5.177009e-02
5.167961e-02
5.167494e-02
5.168919e-02
5.171856e-02
5.167292e-02
5.762511e-02
5.176156e-02
5.171315e-02
5.174791e-02
5.175286e-02
5.171427e-02
5.169534e-02
5.166831e-02
5.171963e-02
5.168315e-02
5.170243e-02
5.170373e-02
5.163956e-02
5.175718e-02
5.176185e-02
5.174435e-02
5.171580e-02
5.170951e-02
5.177950e-02
5.167451e-02
5.167272e-02
5.167661e-02
5.176024e-02
5.179389e-02
5.168613e-02
5.165108e-02
5.170243e-02
5.170923e-02
5.167810e-02
5.169870e-02
5.165380e-02
5.171865e-02
5.176174e-02
5.171508e-02
5.171884e-02
5.169094e-02
5.170639e-02
5.166609e-02
5.167968e-02
5.659754e-02
5.260971e-02
5.210091e-02
5.218188e-02

First Drift
1.405412e-04
9.198114e-05
9.285100e-05
9.195134e-05
9.237975e-05
9.196065e-05
9.976048e-05
9.582099e-05
9.526126e-05
9.951089e-05
9.489153e-05
9.457022e-05
9.557977e-05
9.358022e-05
9.345077e-05
1.016902e-04
9.463076e-05
9.431131e-05
1.002001e-04
9.586103e-05
9.506010e-05
9.659119e-05
9.294041e-05
9.432994e-05
9.572040e-05
9.521097e-05
9.464100e-05
9.278022e-05
9.487104e-05
9.436067e-05
9.473041e-05
9.393133e-05
9.524170e-05
9.514019e-05
1.024110e-04
9.430014e-05
9.429082e-05
9.468943e-05
9.622145e-05
9.474158e-05
9.995140e-05
9.461120e-05
9.527057e-05
1.011109e-04
9.407010e-05
9.468105e-05
1.024995e-04
9.565055e-05
9.557046e-05
1.001414e-04
9.411108e-05
9.512994e-05
9.665079e-05
9.524170e-05
9.343121e-05
9.507127e-05
9.585079e-05
9.523984e-05
9.488966e-05
1.013912e-04
9.785034e-05
9.675976e-05
9.587128e-05
9.440165e-05
9.545125e-05
9.712111e-05
1.010811e-04
9.386055e-05
9.460095e-05
9.681005e-05
9.527057e-05
9.473972e-05
9.575114e-05
1.052516e-04
9.663962e-05
9.527989e-05
9.738095e-05
9.623077e-05
9.630155e-05
9.494089e-05
9.571109e-05
9.561144e-05
9.418093e-05
9.522121e-05
9.499118e-05
9.636115e-05
9.520166e-05
9.554066e-05
9.560026e-05
9.792112e-05
1.039216e-04
9.618141e-05
9.666942e-05
9.699073e-05
9.478070e-05
9.527989e-05
9.538047e-05
9.733159e-05
9.745080e-05
9.648129e-05

Compute Force
9.572493e-02
4.711069e-02
4.714719e-02
4.711578e-02
4.712559e-02
4.722160e-02
4.830990e-02
4.787060e-02
4.842399e-02
4.847936e-02
4.850851e-02
4.851748e-02
4.859152e-02
4.857186e-02
4.853520e-02
4.852719e-02
4.858647e-02
4.852501e-02
4.853495e-02
4.859201e-02
4.853440e-02
4.856197e-02
4.855494e-02
4.853272e-02
4.851268e-02
4.852282e-02
4.852133e-02
4.850684e-02
4.855676e-02
4.852946e-02
4.855469e-02
4.861795e-02
4.859393e-02
4.857471e-02
4.852294e-02
4.854269e-02
4.855964e-02
4.853527e-02
4.855340e-02
4.853694e-02
4.852675e-02
4.860306e-02
4.849805e-02
4.855332e-02
4.853755e-02
4.852767e-02
4.853686e-02
4.857411e-02
4.855774e-02
4.853068e-02
4.853129e-02
4.857594e-02
4.854104e-02
4.855004e-02
4.857308e-02
4.854336e-02
4.856691e-02
5.385191e-02
4.862553e-02
4.858121e-02
4.860944e-02
4.862996e-02
4.859246e-02
4.856636e-02
4.856772e-02
4.858292e-02
4.856400e-02
4.857903e-02
4.858237e-02
4.854222e-02
4.862892e-02
4.856507e-02
4.859346e-02
4.857215e-02
4.858646e-02
4.858595e-02
4.853665e-02
4.857500e-02
4.855904e-02
4.861317e-02
4.865734e-02
4.857135e-02
4.856805e-02
4.857099e-02
4.856475e-02
4.856244e-02
4.855891e-02
4.854086e-02
4.858878e-02
4.860212e-02
4.859904e-02
4.857862e-02
4.855806e-02
4.856846e-02
4.855385e-02
4.859908e-02
5.349293e-02
4.932716e-02
4.899201e-02
4.896458e-02

Kick
1.383107e-04
1.297006e-04
1.304513e-04
1.310119e-04
1.306515e-04
1.397310e-04
1.313509e-04
1.305109e-04
1.444006e-04
1.321724e-04
1.296410e-04
1.316713e-04
1.318716e-04
1.374716e-04
1.398306e-04
1.293309e-04
1.328308e-04
1.370413e-04
1.310408e-04
1.332518e-04
1.304708e-04
1.317207e-04
1.327610e-04
1.299512e-04
1.319805e-04
1.315614e-04
1.366017e-04
1.330012e-04
1.302408e-04
1.319507e-04
1.321407e-04
1.308406e-04
1.321509e-04
1.376411e-04
1.317011e-04
1.320913e-04
1.297817e-04
1.319116e-04
1.291512e-04
1.393603e-04
1.319610e-04
1.300313e-04
1.378311e-04
1.327405e-04
1.311712e-04
1.392523e-04
1.319610e-04
1.309011e-04
1.396714e-04
1.301114e-04
1.310315e-04
1.377109e-04
1.319116e-04
1.334306e-04
1.309309e-04
1.315409e-04
1.326306e-04
6.154347e-04
1.315819e-04
1.301710e-04
1.321808e-04
1.320010e-04
1.309300e-04
1.325402e-04
1.317821e-04
1.400812e-04
1.373813e-04
1.309402e-04
1.386311e-04
1.322711e-04
1.298711e-04
1.318213e-04
1.432812e-04
1.301905e-04
1.324611e-04
1.318809e-04
1.320811e-04
1.323009e-04
1.317803e-04
1.367209e-04
1.317710e-04
1.329025e-04
1.323204e-04
1.291111e-04
1.334203e-04
1.367508e-04
1.313016e-04
1.323009e-04
1.303907e-04
1.409510e-04
1.325104e-04
1.298711e-04
1.321016e-04
1.305407e-04
1.369314e-04
1.324005e-04
1.362115e-04
1.329510e-04
1.334706e-04
1.303609e-04

Second Drift
2.778682e-03
2.865642e-03
2.898864e-03
2.911992e-03
2.865283e-03
2.920363e-03
2.870242e-03
2.913013e-03
2.924333e-03
2.879443e-03
2.913402e-03
2.895153e-03
2.901403e-03
2.925303e-03
2.859733e-03
2.902693e-03
2.887253e-03
2.892412e-03
3.075824e-03
2.875943e-03
2.909764e-03
2.924044e-03
2.861293e-03
2.910942e-03
2.910693e-03
2.911964e-03
2.910162e-03
2.876103e-03
2.892883e-03
2.873872e-03
2.892423e-03
2.919544e-03
2.874573e-03
2.890983e-03
2.911873e-03
2.859792e-03
2.899663e-03
2.916243e-03
2.916743e-03
2.889551e-03
2.895911e-03
2.893092e-03
2.881313e-03
2.876773e-03
2.965933e-03
2.859193e-03
2.893543e-03
2.915653e-03
2.859513e-03
2.909133e-03
2.903412e-03
2.960294e-03
2.908803e-03
2.895153e-03
2.890714e-03
2.947792e-03
2.876393e-03
3.038834e-03
2.908544e-03
2.899215e-03
2.907463e-03
2.893063e-03
2.893923e-03
2.900913e-03
2.872232e-03
2.898403e-03
2.879633e-03
2.897614e-03
2.887123e-03
2.867353e-03
2.901962e-03
2.969393e-03
2.899121e-03
2.907064e-03
2.892953e-03
2.965323e-03
2.907383e-03
2.868142e-03
2.888572e-03
2.914604e-03
2.907863e-03
2.885303e-03
2.855362e-03
2.906203e-03
2.915163e-03
2.881483e-03
2.912153e-03
2.884204e-03
2.903013e-03
2.919893e-03
2.878413e-03
2.913413e-03
2.903323e-03
2.909393e-03
2.879663e-03
2.851943e-03
2.871953e-03
3.051383e-03
2.877194e-03
2.989003e-03

--- Configuration ---
nsteps: 100
dt: 1.000000e-04
eps: 5.000000e-02
G: 1.000000e+00
mass: 1.000000e+00
energy_every: 100
energy_tol: 1.000000e-03
kernel_choice: obrt
kinetic0: 1.469728e+09
potential0: -2.934067e+09
max_relative_error: 7.003164e-05
PAPI Cycles
0
0
0
0
0
0
0
0
0
0
0
0
0
0
0
0
0
0
0
0
0
0
0
0
0
0
0
0
0
0
0
0
0
0
0
0
0
0
0
0
0
0
0
0
0
0
0
0
0
0
0
0
0
0
0
0
0
0
0
0
0
0
0
0
0
0
0
0
0
0
0
0
0
0
0
0
0
0
0
0
0
0
0
0
0
0
0
0
0
0
0
0
0
0
0
0
0
0
0
0

PAPI Instructions
0
0
0
0
0
0
0
0
0
0
0
0
0
0
0
0
0
0
0
0
0
0
0
0
0
0
0
0
0
0
0
0
0
0
0
0
0
0
0
0
0
0
0
0
0
0
0
0
0
0
0
0
0
0
0
0
0
0
0
0
0
0
0
0
0
0
0
0
0
0
0
0
0
0
0
0
0
0
0
0
0
0
0
0
0
0
0
0
0
0
0
0
0
0
0
0
0
0
0
0

PAPI L1 Misses
0
0
0
0
0
0
0
0
0
0
0
0
0
0
0
0
0
0
0
0
0
0
0
0
0
0
0
0
0
0
0
0
0
0
0
0
0
0
0
0
0
0
0
0
0
0
0
0
0
0
0
0
0
0
0
0
0
0
0
0
0
0
0
0
0
0
0
0
0
0
0
0
0
0
0
0
0
0
0
0
0
0
0
0
0
0
0
0
0
0
0
0
0
0
0
0
0
0
0
0

PAPI L2 Misses
0
0
0
0
0
0
0
0
0
0
0
0
0
0
0
0
0
0
0
0
0
0
0
0
0
0
0
0
0
0
0
0
0
0
0
0
0
0
0
0
0
0
0
0
0
0
0
0
0
0
0
0
0
0
0
0
0
0
0
0
0
0
0
0
0
0
0
0
0
0
0
0
0
0
0
0
0
0
0
0
0
0
0
0
0
0
0
0
0
0
0
0
0
0
0
0
0
0
0
0

PAPI Vectorial DP
0
0
0
0
0
0
0
0
0
0
0
0
0
0
0
0
0
0
0
0
0
0
0
0
0
0
0
0
0
0
0
0
0
0
0
0
0
0
0
0
0
0
0
0
0
0
0
0
0
0
0
0
0
0
0
0
0
0
0
0
0
0
0
0
0
0
0
0
0
0
0
0
0
0
0
0
0
0
0
0
0
0
0
0
0
0
0
0
0
0
0
0
0
0
0
0
0
0
0
0

File Read
2.767062e-03

File Write
5.653265e-03

Total Run
1.614760e+01

Total Step
9.900787e-02
5.037899e-02
5.036099e-02
5.034362e-02
5.049698e-02
5.048743e-02
5.167700e-02
5.118165e-02
5.168821e-02
5.180088e-02
5.177267e-02
5.186119e-02
5.182665e-02
5.179398e-02
5.181321e-02
5.178592e-02
5.183588e-02
5.182072e-02
5.174428e-02
5.182313e-02
5.182796e-02
5.176676e-02
5.183878e-02
5.174909e-02
5.183342e-02
5.182962e-02
5.185763e-02
5.180648e-02
5.181045e-02
5.176472e-02
5.186623e-02
5.178285e-02
5.178901e-02
5.184405e-02
5.178165e-02
5.179765e-02
5.176028e-02
5.182840e-02
5.182874e-02
5.176200e-02
5.182097e-02
5.182458e-02
5.179783e-02
5.180554e-02
5.175882e-02
5.189332e-02
5.185669e-02
5.180422e-02
5.180122e-02
5.178514e-02
5.180280e-02
5.180433e-02
5.173247e-02
5.182396e-02
5.184662e-02
5.175552e-02
5.180819e-02
5.790188e-02
5.178710e-02
5.179084e-02
5.172221e-02
5.179441e-02
5.177050e-02
5.171889e-02
5.180225e-02
5.175595e-02
5.178469e-02
5.176862e-02
5.170519e-02
5.171690e-02
5.171563e-02
5.170652e-02
5.178987e-02
5.416700e-02
5.185355e-02
5.175549e-02
5.171852e-02
5.177722e-02
5.173372e-02
5.175418e-02
5.169371e-02
5.169679e-02
5.175330e-02
5.181963e-02
5.173900e-02
5.179602e-02
5.172784e-02
5.178886e-02
5.173904e-02
5.170668e-02
5.173288e-02
5.174808e-02
5.170233e-02
5.192984e-02
5.173579e-02
5.172250e-02
5.574973e-02
5.215173e-02
5.203982e-02
5.205163e-02

First Drift
1.713429e-04
1.189914e-04
1.171213e-04
1.170905e-04
1.250803e-04
1.198202e-04
1.296010e-04
1.213113e-04
1.211111e-04
1.205215e-04
1.215506e-04
1.217313e-04
1.275111e-04
1.219604e-04
1.212098e-04
1.210915e-04
1.230612e-04
1.289509e-04
1.221206e-04
1.214109e-04
1.219613e-04
1.220806e-04
1.290208e-04
1.223013e-04
1.240512e-04
1.214007e-04
1.223711e-04
1.208801e-04
1.206212e-04
1.213718e-04
1.215413e-04
1.223804e-04
1.214007e-04
1.221402e-04
1.218310e-04
1.213411e-04
1.216903e-04
1.206808e-04
1.222817e-04
1.226608e-04
1.236927e-04
1.220014e-04
1.213811e-04
1.261616e-04
1.214016e-04
1.213802e-04
1.227716e-04
1.217900e-04
1.208913e-04
1.210012e-04
1.220908e-04
1.208810e-04
1.218412e-04
1.276908e-04
1.212405e-04
1.227912e-04
1.226608e-04
1.217714e-04
1.254510e-04
1.322497e-04
1.233406e-04
1.244405e-04
1.238808e-04
1.283614e-04
1.263814e-04
1.249211e-04
1.250710e-04
1.228917e-04
1.252210e-04
1.258114e-04
1.237616e-04
1.295013e-04
1.247311e-04
1.249211e-04
1.234412e-04
1.261709e-04
1.229616e-04
1.313519e-04
1.236014e-04
1.249611e-04
1.231302e-04
1.225313e-04
1.246510e-04
1.247805e-04
1.229113e-04
1.329407e-04
1.237411e-04
1.239106e-04
1.242505e-04
1.298105e-04
1.263311e-04
1.233816e-04
1.260415e-04
1.251604e-04
1.248810e-04
1.240410e-04
1.236312e-04
1.297612e-04
1.231916e-04
1.222808e-04

Compute Force
9.581024e-02
4.718403e-02
4.713062e-02
4.715598e-02
4.717171e-02
4.727954e-02
4.844633e-02
4.795102e-02
4.850743e-02
4.859006e-02
4.857711e-02
4.862668e-02
4.858289e-02
4.857637e-02
4.861129e-02
4.854119e-02
4.861821e-02
4.858406e-02
4.856001e-02
4.859018e-02
4.860669e-02
4.857222e-02
4.860769e-02
4.855961e-02
4.858498e-02
4.859991e-02
4.863061e-02
4.861048e-02
4.857690e-02
4.857163e-02
4.863965e-02
4.858452e-02
4.858093e-02
4.860067e-02
4.857808e-02
4.860529e-02
4.855718e-02
4.857938e-02
4.861796e-02
4.855724e-02
4.860862e-02
4.858078e-02
4.860941e-02
4.858961e-02
4.858573e-02
4.864300e-02
4.862093e-02
4.858736e-02
4.861207e-02
4.855414e-02
4.859844e-02
4.858413e-02
4.854812e-02
4.858888e-02
4.861546e-02
4.856526e-02
4.858873e-02
5.406327e-02
4.855457e-02
4.853890e-02
4.850345e-02
4.856987e-02
4.852364e-02
4.850585e-02
4.856834e-02
4.854441e-02
4.853136e-02
4.853821e-02
4.851260e-02
4.850525e-02
4.848548e-02
4.848173e-02
4.853223e-02
5.098397e-02
4.861263e-02
4.851064e-02
4.851867e-02
4.854780e-02
4.850528e-02
4.852632e-02
4.847560e-02
4.850094e-02
4.852941e-02
4.855006e-02
4.852839e-02
4.854421e-02
4.851458e-02
4.855451e-02
4.851036e-02
4.851939e-02
4.851057e-02
4.851801e-02
4.848398e-02
4.867244e-02
4.852642e-02
4.850884e-02
5.253255e-02
4.894773e-02
4.879066e-02
4.880708e-02

Kick
1.463005e-04
1.315409e-04
1.296811e-04
1.288913e-04
1.329519e-04
1.279106e-04
1.333915e-04
1.305910e-04
1.300704e-04
1.332508e-04
1.387103e-04
1.303405e-04
1.365123e-04
1.278510e-04
1.374818e-04
1.366017e-04
1.302809e-04
1.314711e-04
1.297919e-04
1.335209e-04
1.315009e-04
1.299204e-04
1.337510e-04
1.310110e-04
1.320112e-04
1.312010e-04
1.350613e-04
1.330404e-04
1.308313e-04
1.315325e-04
1.325104e-04
1.360616e-04
1.340909e-04
1.438111e-04
1.309505e-04
1.345705e-04
1.388006e-04
1.315717e-04
1.309020e-04
1.283912e-04
1.329016e-04
1.464011e-04
1.297016e-04
1.315512e-04
1.280606e-04
1.335619e-04
1.357906e-04
1.391610e-04
1.366213e-04
1.312215e-04
1.300108e-04
1.327815e-04
1.369314e-04
1.325822e-04
1.318809e-04
1.296913e-04
1.329612e-04
6.200364e-04
1.303609e-04
1.306608e-04
1.286911e-04
1.327209e-04
1.380211e-04
1.304206e-04
1.335116e-04
1.307810e-04
1.421105e-04
1.322310e-04
1.283111e-04
1.331214e-04
1.310119e-04
1.313612e-04
1.319302e-04
1.300406e-04
1.315512e-04
1.370516e-04
1.311712e-04
1.379410e-04
1.314310e-04
1.301812e-04
1.323111e-04
1.294408e-04
1.328811e-04
1.303414e-04
1.309915e-04
1.331912e-04
1.314813e-04
1.307111e-04
1.323009e-04
1.288308e-04
1.408709e-04
1.310017e-04
1.297109e-04
1.337612e-04
1.302706e-04
1.312615e-04
1.502419e-04
1.313807e-04
1.387112e-04
1.318213e-04

Second Drift
2.823332e-03
2.942943e-03
2.982844e-03
2.940643e-03
3.066164e-03
2.959183e-03
2.966743e-03
2.977975e-03
2.928593e-03
2.956274e-03
2.934533e-03
2.981444e-03
2.978994e-03
2.966814e-03
2.942283e-03
2.986183e-03
2.963343e-03
2.975384e-03
2.929115e-03
2.977114e-03
2.966654e-03
2.941533e-03
2.967284e-03
2.935343e-03
2.991664e-03
2.976303e-03
2.968794e-03
2.940932e-03
2.981244e-03
2.939283e-03
2.971173e-03
2.938475e-03
2.951893e-03
2.976544e-03
2.949934e-03
2.935664e-03
2.941773e-03
2.995904e-03
2.956593e-03
2.953043e-03
2.955043e-03
2.974513e-03
2.936023e-03
2.957303e-03
2.922853e-03
2.993803e-03
2.976344e-03
2.955203e-03
2.930723e-03
2.978054e-03
2.951164e-03
2.965694e-03
2.924182e-03
2.973773e-03
2.977143e-03
2.936743e-03
2.962864e-03
3.073044e-03
2.975415e-03
2.987804e-03
2.966063e-03
2.966372e-03
2.984074e-03
2.953364e-03
2.972853e-03
2.955063e-03
2.985264e-03
2.974434e-03
2.937984e-03
2.951954e-03
2.974473e-03
2.963084e-03
2.988193e-03
2.927293e-03
2.984783e-03
2.980843e-03
2.944503e-03
2.959253e-03
2.972613e-03
2.971604e-03
2.961704e-03
2.943024e-03
2.965323e-03
2.992533e-03
2.955914e-03
2.984793e-03
2.957234e-03
2.979043e-03
2.971424e-03
2.927464e-03
2.953693e-03
2.974784e-03
2.961894e-03
2.997363e-03
2.953263e-03
2.957603e-03
2.942642e-03
2.941873e-03
2.986123e-03
2.989503e-03

--- Configuration ---
nsteps: 100
dt: 1.000000e-04
eps: 5.000000e-02
G: 1.000000e+00
mass: 1.000000e+00
energy_every: 100
energy_tol: 1.000000e-03
kernel_choice: obrt
kinetic0: 1.469728e+09
potential0: -2.934067e+09
max_relative_error: 7.003164e-05
PAPI Cycles
0
0
0
0
0
0
0
0
0
0
0
0
0
0
0
0
0
0
0
0
0
0
0
0
0
0
0
0
0
0
0
0
0
0
0
0
0
0
0
0
0
0
0
0
0
0
0
0
0
0
0
0
0
0
0
0
0
0
0
0
0
0
0
0
0
0
0
0
0
0
0
0
0
0
0
0
0
0
0
0
0
0
0
0
0
0
0
0
0
0
0
0
0
0
0
0
0
0
0
0

PAPI Instructions
0
0
0
0
0
0
0
0
0
0
0
0
0
0
0
0
0
0
0
0
0
0
0
0
0
0
0
0
0
0
0
0
0
0
0
0
0
0
0
0
0
0
0
0
0
0
0
0
0
0
0
0
0
0
0
0
0
0
0
0
0
0
0
0
0
0
0
0
0
0
0
0
0
0
0
0
0
0
0
0
0
0
0
0
0
0
0
0
0
0
0
0
0
0
0
0
0
0
0
0

PAPI L1 Misses
0
0
0
0
0
0
0
0
0
0
0
0
0
0
0
0
0
0
0
0
0
0
0
0
0
0
0
0
0
0
0
0
0
0
0
0
0
0
0
0
0
0
0
0
0
0
0
0
0
0
0
0
0
0
0
0
0
0
0
0
0
0
0
0
0
0
0
0
0
0
0
0
0
0
0
0
0
0
0
0
0
0
0
0
0
0
0
0
0
0
0
0
0
0
0
0
0
0
0
0

PAPI L2 Misses
0
0
0
0
0
0
0
0
0
0
0
0
0
0
0
0
0
0
0
0
0
0
0
0
0
0
0
0
0
0
0
0
0
0
0
0
0
0
0
0
0
0
0
0
0
0
0
0
0
0
0
0
0
0
0
0
0
0
0
0
0
0
0
0
0
0
0
0
0
0
0
0
0
0
0
0
0
0
0
0
0
0
0
0
0
0
0
0
0
0
0
0
0
0
0
0
0
0
0
0

PAPI Vectorial DP
0
0
0
0
0
0
0
0
0
0
0
0
0
0
0
0
0
0
0
0
0
0
0
0
0
0
0
0
0
0
0
0
0
0
0
0
0
0
0
0
0
0
0
0
0
0
0
0
0
0
0
0
0
0
0
0
0
0
0
0
0
0
0
0
0
0
0
0
0
0
0
0
0
0
0
0
0
0
0
0
0
0
0
0
0
0
0
0
0
0
0
0
0
0
0
0
0
0
0
0

