File Read
4.450615e-03

File Write
4.110462e-03

Total Run
1.612127e+01

Total Step
1.024982e-01
5.362011e-02
5.367282e-02
5.336031e-02
5.389026e-02
5.448693e-02
5.501046e-02
5.469311e-02
5.503733e-02
5.497673e-02
5.489222e-02
5.511208e-02
5.517092e-02
5.513342e-02
5.515089e-02
5.489261e-02
5.496456e-02
5.540059e-02
5.517244e-02
5.495919e-02
5.511968e-02
5.508407e-02
5.521721e-02
5.490506e-02
5.489432e-02
5.521956e-02
5.503130e-02
5.490270e-02
5.496188e-02
5.509430e-02
5.520228e-02
5.497559e-02
5.503320e-02
5.498572e-02
5.505259e-02
5.515961e-02
5.526337e-02
5.514674e-02
5.496622e-02
5.515700e-02
5.502687e-02
5.501004e-02
5.511824e-02
5.515447e-02
5.514754e-02
5.506147e-02
5.505612e-02
5.511444e-02
5.495766e-02
5.515206e-02
5.509505e-02
5.520018e-02
5.483187e-02
5.501952e-02
6.579751e-02
5.553022e-02
5.545298e-02
5.524996e-02
5.535962e-02
5.524364e-02
5.480307e-02
5.538801e-02
5.532704e-02
5.525178e-02
5.501374e-02
5.526741e-02
5.533069e-02
5.538463e-02
5.484239e-02
5.528631e-02
5.489694e-02
5.525120e-02
5.484856e-02
5.486742e-02
5.526425e-02
5.486076e-02
5.542579e-02
5.530417e-02
5.524362e-02
5.505125e-02
5.518842e-02
5.478478e-02
5.493623e-02
5.524482e-02
5.490701e-02
5.531831e-02
5.480133e-02
5.531364e-02
5.527217e-02
5.523617e-02
5.531301e-02
5.489344e-02
5.475233e-02
5.490580e-02
5.487912e-02
5.526041e-02
5.543640e-02
5.534259e-02
5.531332e-02
5.541320e-02

First Drift
1.442814e-04
9.044074e-05
9.135995e-05
9.264983e-05
9.323098e-05
9.463076e-05
9.284075e-05
9.325147e-05
9.457022e-05
9.492971e-05
9.541027e-05
9.588059e-05
9.372085e-05
9.764079e-05
9.424146e-05
9.438023e-05
9.407010e-05
9.730086e-05
1.007710e-04
9.601004e-05
9.580981e-05
9.567104e-05
9.531993e-05
9.607151e-05
9.529106e-05
9.650085e-05
9.681098e-05
9.357091e-05
9.372085e-05
9.548105e-05
9.508058e-05
9.591971e-05
9.505171e-05
9.559095e-05
9.519048e-05
9.492133e-05
1.008604e-04
9.698980e-05
9.539071e-05
9.433087e-05
9.523053e-05
9.518117e-05
9.444170e-05
9.571016e-05
9.597093e-05
1.019808e-04
9.886082e-05
9.520072e-05
9.574182e-05
9.584986e-05
9.532087e-05
9.474996e-05
9.753928e-05
9.559095e-05
9.536929e-05
9.747129e-05
9.813067e-05
9.566173e-05
9.784102e-05
9.579118e-05
9.697117e-05
9.641051e-05
9.562075e-05
9.815115e-05
9.780098e-05
9.973068e-05
9.767991e-05
9.752158e-05
9.564962e-05
9.581074e-05
1.020413e-04
9.790156e-05
9.780098e-05
1.040818e-04
9.671133e-05
9.754021e-05
9.964127e-05
9.693112e-05
9.691063e-05
9.824149e-05
1.004003e-04
9.576138e-05
1.059016e-04
9.874068e-05
9.726174e-05
9.830110e-05
9.617116e-05
9.752996e-05
9.689108e-05
9.491108e-05
1.017805e-04
9.564031e-05
9.560119e-05
1.022303e-04
9.741075e-05
9.699073e-05
1.021307e-04
9.560958e-05
9.696092e-05
9.684078e-05

Compute Force
9.951786e-02
5.049341e-02
5.053755e-02
5.023449e-02
5.078645e-02
5.136808e-02
5.189985e-02
5.159712e-02
5.194758e-02
5.185070e-02
5.179326e-02
5.200530e-02
5.203052e-02
5.203492e-02
5.204245e-02
5.177479e-02
5.184544e-02
5.232353e-02
5.202339e-02
5.181862e-02
5.203856e-02
5.194049e-02
5.207630e-02
5.180772e-02
5.178532e-02
5.210097e-02
5.194275e-02
5.178826e-02
5.184924e-02
5.200011e-02
5.206913e-02
5.184002e-02
5.194750e-02
5.186413e-02
5.194910e-02
5.201253e-02
5.199572e-02
5.202330e-02
5.184881e-02
5.204451e-02
5.192642e-02
5.188360e-02
5.201510e-02
5.201463e-02
5.199373e-02
5.195727e-02
5.194109e-02
5.197194e-02
5.185431e-02
5.206988e-02
5.195726e-02
5.207221e-02
5.173750e-02
5.188305e-02
6.213465e-02
5.241546e-02
5.235499e-02
5.216975e-02
5.224294e-02
5.214378e-02
5.175082e-02
5.226431e-02
5.220525e-02
5.217605e-02
5.189561e-02
5.211151e-02
5.225570e-02
5.228595e-02
5.167732e-02
5.220190e-02
5.178863e-02
5.212070e-02
5.173248e-02
5.177889e-02
5.213559e-02
5.178063e-02
5.231607e-02
5.218908e-02
5.214171e-02
5.192049e-02
5.209777e-02
5.170048e-02
5.181102e-02
5.214517e-02
5.178125e-02
5.220611e-02
5.171280e-02
5.218838e-02
5.217140e-02
5.216378e-02
5.219074e-02
5.179254e-02
5.166573e-02
5.177895e-02
5.169099e-02
5.219832e-02
5.230628e-02
5.222318e-02
5.221774e-02
5.231089e-02

Kick
1.402907e-04
1.347810e-04
1.371615e-04
1.380015e-04
1.389803e-04
1.416514e-04
1.379512e-04
1.425808e-04
1.367107e-04
1.401110e-04
1.500612e-04
1.362711e-04
1.420109e-04
1.403410e-04
1.360308e-04
1.410712e-04
1.376113e-04
1.453208e-04
1.518922e-04
1.383610e-04
1.372211e-04
1.460407e-04
1.376411e-04
1.374707e-04
1.395615e-04
1.374912e-04
1.381310e-04
1.400011e-04
1.374213e-04
1.397515e-04
1.404015e-04
1.363205e-04
1.386311e-04
1.398418e-04
1.364825e-04
1.457203e-04
1.418414e-04
1.424206e-04
1.389515e-04
1.428910e-04
1.361407e-04
1.403010e-04
1.504505e-04
1.365310e-04
1.412323e-04
1.569409e-04
1.356211e-04
1.424216e-04
1.396211e-04
1.346618e-04
1.449808e-04
1.372611e-04
1.372006e-04
1.497427e-04
6.787861e-04
1.382008e-04
1.397207e-04
1.494810e-04
1.367312e-04
1.424011e-04
1.456514e-04
1.363307e-04
1.422111e-04
1.399312e-04
1.369808e-04
1.463816e-04
1.388807e-04
1.386413e-04
1.515504e-04
1.502018e-04
1.405217e-04
1.410311e-04
1.443606e-04
1.390725e-04
1.408812e-04
1.432709e-04
1.382111e-04
1.400113e-04
1.456914e-04
1.481008e-04
1.391014e-04
1.450405e-04
1.389617e-04
1.405813e-04
1.454018e-04
1.390008e-04
1.409417e-04
1.427615e-04
1.382614e-04
1.494810e-04
1.367610e-04
1.420109e-04
1.567816e-04
1.372714e-04
1.416514e-04
1.459308e-04
1.346711e-04
1.410013e-04
1.389710e-04
1.362804e-04

Second Drift
2.635610e-03
2.900463e-03
2.905723e-03
2.894511e-03
2.870821e-03
2.881614e-03
2.878932e-03
2.859303e-03
2.857393e-03
2.890193e-03
2.852532e-03
2.873623e-03
2.903603e-03
2.859752e-03
2.877654e-03
2.881373e-03
2.886663e-03
2.833782e-03
2.895433e-03
2.905593e-03
2.847192e-03
2.900722e-03
2.907153e-03
2.863273e-03
2.873332e-03
2.883933e-03
2.853072e-03
2.879943e-03
2.880592e-03
2.858063e-03
2.897223e-03
2.902403e-03
2.851342e-03
2.885162e-03
2.871241e-03
2.905552e-03
3.024364e-03
2.883382e-03
2.882343e-03
2.874481e-03
2.868152e-03
2.890133e-03
2.857473e-03
2.906523e-03
2.915633e-03
2.844613e-03
2.879993e-03
2.903792e-03
2.867383e-03
2.851062e-03
2.896612e-03
2.895413e-03
2.858863e-03
2.890392e-03
2.862752e-03
2.878393e-03
2.859212e-03
2.834442e-03
2.881093e-03
2.860872e-03
2.808882e-03
2.890403e-03
2.883032e-03
2.836904e-03
2.882851e-03
2.909213e-03
2.837713e-03
2.861783e-03
2.916964e-03
2.837603e-03
2.865163e-03
2.890632e-03
2.862222e-03
2.844742e-03
2.890281e-03
2.838354e-03
2.871294e-03
2.877353e-03
2.858182e-03
2.883333e-03
2.850392e-03
2.842473e-03
2.879583e-03
2.859593e-03
2.882392e-03
2.873982e-03
2.850732e-03
2.883952e-03
2.864933e-03
2.827372e-03
2.882842e-03
2.862352e-03
2.833423e-03
2.886812e-03
2.947943e-03
2.818323e-03
2.892572e-03
2.882074e-03
2.858763e-03
2.868343e-03

--- Configuration ---
nsteps: 100
dt: 1.000000e-04
eps: 5.000000e-02
G: 1.000000e+00
mass: 1.000000e+00
energy_every: 100
energy_tol: 1.000000e-03
kernel_choice: obrtr
kinetic0: 1.469728e+09
potential0: -2.934067e+09
max_relative_error: 7.003164e-05
PAPI Cycles
0
0
0
0
0
0
0
0
0
0
0
0
0
0
0
0
0
0
0
0
0
0
0
0
0
0
0
0
0
0
0
0
0
0
0
0
0
0
0
0
0
0
0
0
0
0
0
0
0
0
0
0
0
0
0
0
0
0
0
0
0
0
0
0
0
0
0
0
0
0
0
0
0
0
0
0
0
0
0
0
0
0
0
0
0
0
0
0
0
0
0
0
0
0
0
0
0
0
0
0

PAPI Instructions
0
0
0
0
0
0
0
0
0
0
0
0
0
0
0
0
0
0
0
0
0
0
0
0
0
0
0
0
0
0
0
0
0
0
0
0
0
0
0
0
0
0
0
0
0
0
0
0
0
0
0
0
0
0
0
0
0
0
0
0
0
0
0
0
0
0
0
0
0
0
0
0
0
0
0
0
0
0
0
0
0
0
0
0
0
0
0
0
0
0
0
0
0
0
0
0
0
0
0
0

PAPI L1 Misses
0
0
0
0
0
0
0
0
0
0
0
0
0
0
0
0
0
0
0
0
0
0
0
0
0
0
0
0
0
0
0
0
0
0
0
0
0
0
0
0
0
0
0
0
0
0
0
0
0
0
0
0
0
0
0
0
0
0
0
0
0
0
0
0
0
0
0
0
0
0
0
0
0
0
0
0
0
0
0
0
0
0
0
0
0
0
0
0
0
0
0
0
0
0
0
0
0
0
0
0

PAPI L2 Misses
0
0
0
0
0
0
0
0
0
0
0
0
0
0
0
0
0
0
0
0
0
0
0
0
0
0
0
0
0
0
0
0
0
0
0
0
0
0
0
0
0
0
0
0
0
0
0
0
0
0
0
0
0
0
0
0
0
0
0
0
0
0
0
0
0
0
0
0
0
0
0
0
0
0
0
0
0
0
0
0
0
0
0
0
0
0
0
0
0
0
0
0
0
0
0
0
0
0
0
0

PAPI Vectorial DP
0
0
0
0
0
0
0
0
0
0
0
0
0
0
0
0
0
0
0
0
0
0
0
0
0
0
0
0
0
0
0
0
0
0
0
0
0
0
0
0
0
0
0
0
0
0
0
0
0
0
0
0
0
0
0
0
0
0
0
0
0
0
0
0
0
0
0
0
0
0
0
0
0
0
0
0
0
0
0
0
0
0
0
0
0
0
0
0
0
0
0
0
0
0
0
0
0
0
0
0

File Read
2.750861e-03

File Write
4.962699e-03

Total Run
1.613709e+01

Total Step
1.023385e-01
5.353842e-02
5.361258e-02
5.339571e-02
5.406807e-02
5.459731e-02
5.496051e-02
5.474292e-02
5.506949e-02
5.498188e-02
5.525442e-02
5.503622e-02
5.503972e-02
5.495442e-02
5.487247e-02
5.494104e-02
5.504351e-02
5.562624e-02
5.510125e-02
5.514644e-02
5.492089e-02
5.507866e-02
5.493788e-02
5.508395e-02
5.519312e-02
5.490801e-02
5.498421e-02
5.505928e-02
5.495250e-02
5.498087e-02
5.503065e-02
5.510562e-02
5.516660e-02
5.496052e-02
5.481190e-02
5.489286e-02
5.512513e-02
5.514989e-02
5.507271e-02
5.501374e-02
5.494682e-02
5.483668e-02
5.509333e-02
5.489479e-02
5.487030e-02
5.523555e-02
5.510753e-02
5.517513e-02
5.504879e-02
5.516512e-02
5.488984e-02
5.512402e-02
5.489197e-02
5.510103e-02
6.487859e-02
5.548819e-02
5.532226e-02
5.484109e-02
5.480881e-02
5.479870e-02
5.481627e-02
5.530331e-02
5.489180e-02
5.530957e-02
5.491171e-02
5.535024e-02
5.483171e-02
5.481604e-02
5.481922e-02
5.540437e-02
5.481465e-02
5.484191e-02
5.490506e-02
5.487403e-02
5.535661e-02
5.526903e-02
5.524229e-02
5.485739e-02
5.525141e-02
5.486755e-02
5.492150e-02
5.485917e-02
5.525976e-02
5.531806e-02
5.524491e-02
5.482091e-02
5.483047e-02
5.529625e-02
5.483322e-02
5.475378e-02
5.527982e-02
5.484006e-02
5.521592e-02
5.532306e-02
5.522912e-02
5.484849e-02
5.481932e-02
5.488213e-02
5.487145e-02
5.481639e-02

First Drift
1.409305e-04
9.092130e-05
9.152107e-05
9.209011e-05
9.217020e-05
9.165984e-05
9.633135e-05
9.435136e-05
9.552110e-05
9.556953e-05
9.523146e-05
9.605009e-05
9.571016e-05
9.530969e-05
9.673089e-05
9.510107e-05
9.749085e-05
9.526126e-05
9.677093e-05
9.491108e-05
9.569991e-05
9.468012e-05
9.544101e-05
9.390060e-05
9.418093e-05
9.568036e-05
9.542052e-05
9.553134e-05
9.448081e-05
9.434018e-05
9.775162e-05
9.501167e-05
9.539071e-05
9.606127e-05
9.469129e-05
9.669084e-05
9.462144e-05
9.467173e-05
9.596068e-05
1.010010e-04
1.005810e-04
9.519048e-05
9.639096e-05
9.499118e-05
9.478070e-05
9.563100e-05
9.593088e-05
1.023607e-04
9.602122e-05
9.476021e-05
9.571109e-05
9.394065e-05
9.534042e-05
9.426102e-05
9.629130e-05
9.889062e-05
9.602029e-05
1.021903e-04
9.829085e-05
9.716116e-05
9.870157e-05
9.886175e-05
9.757001e-05
9.650085e-05
9.645056e-05
9.436067e-05
9.898096e-05
9.715091e-05
9.980053e-05
9.678025e-05
1.019910e-04
9.925105e-05
9.896047e-05
9.839982e-05
9.699073e-05
9.682029e-05
1.046909e-04
9.866152e-05
9.790063e-05
9.663124e-05
9.647105e-05
9.612180e-05
1.034411e-04
9.801053e-05
9.763055e-05
9.785034e-05
9.682123e-05
9.706989e-05
9.697117e-05
9.818189e-05
9.790156e-05
9.714067e-05
9.711087e-05
9.787083e-05
1.031701e-04
9.705964e-05
9.548105e-05
9.571109e-05
9.977166e-05
9.621121e-05

Compute Force
9.936791e-02
5.035995e-02
5.048847e-02
5.025850e-02
5.093161e-02
5.148884e-02
5.182529e-02
5.160134e-02
5.193051e-02
5.183950e-02
5.213284e-02
5.190067e-02
5.188693e-02
5.184097e-02
5.173368e-02
5.181367e-02
5.190518e-02
5.250858e-02
5.200313e-02
5.200586e-02
5.180137e-02
5.197291e-02
5.180697e-02
5.198242e-02
5.205071e-02
5.179659e-02
5.189661e-02
5.190258e-02
5.184211e-02
5.186009e-02
5.186899e-02
5.197434e-02
5.203827e-02
5.179938e-02
5.171176e-02
5.175972e-02
5.197659e-02
5.202377e-02
5.194227e-02
5.185628e-02
5.181913e-02
5.168851e-02
5.198378e-02
5.176390e-02
5.172236e-02
5.211286e-02
5.196819e-02
5.203387e-02
5.191165e-02
5.204350e-02
5.180285e-02
5.200022e-02
5.178158e-02
5.199069e-02
6.118851e-02
5.231787e-02
5.219585e-02
5.171134e-02
5.163248e-02
5.168867e-02
5.168529e-02
5.215548e-02
5.176143e-02
5.215214e-02
5.169378e-02
5.221282e-02
5.166786e-02
5.170182e-02
5.163140e-02
5.224243e-02
5.166877e-02
5.164835e-02
5.174414e-02
5.172113e-02
5.216833e-02
5.212841e-02
5.210613e-02
5.166940e-02
5.212225e-02
5.172418e-02
5.176534e-02
5.171507e-02
5.213224e-02
5.217116e-02
5.208320e-02
5.166994e-02
5.170677e-02
5.212236e-02
5.170297e-02
5.163219e-02
5.212465e-02
5.171692e-02
5.208113e-02
5.217048e-02
5.210375e-02
5.170942e-02
5.169138e-02
5.170804e-02
5.170787e-02
5.170174e-02

Kick
1.391713e-04
1.451718e-04
1.421506e-04
1.374707e-04
1.441510e-04
1.397915e-04
1.419811e-04
1.373813e-04
1.410106e-04
1.369212e-04
1.375806e-04
1.388108e-04
1.369910e-04
1.376318e-04
1.389906e-04
1.364108e-04
1.396816e-04
1.445012e-04
1.375210e-04
1.401715e-04
1.431610e-04
1.361612e-04
1.432514e-04
1.375107e-04
1.388704e-04
1.448309e-04
1.364108e-04
1.403708e-04
1.430809e-04
1.370115e-04
1.393612e-04
1.469823e-04
1.456412e-04
1.465911e-04
1.397319e-04
1.388714e-04
1.464617e-04
1.395410e-04
1.492612e-04
1.476109e-04
1.401510e-04
1.387009e-04
1.379605e-04
1.380006e-04
1.363205e-04
1.388909e-04
1.473511e-04
1.371922e-04
1.413617e-04
1.446009e-04
1.366902e-04
1.410311e-04
1.388295e-04
1.356406e-04
6.756047e-04
1.395708e-04
1.438307e-04
1.384206e-04
1.386311e-04
1.361016e-04
1.400514e-04
1.425920e-04
1.360113e-04
1.438307e-04
1.376411e-04
1.434619e-04
1.436714e-04
1.376811e-04
1.379810e-04
1.479611e-04
1.383321e-04
1.446307e-04
1.420304e-04
1.390306e-04
1.452118e-04
1.473408e-04
1.373105e-04
1.487713e-04
1.364406e-04
1.392001e-04
1.460211e-04
1.464812e-04
1.410609e-04
1.380714e-04
1.400113e-04
1.387317e-04
1.425706e-04
1.401212e-04
1.370907e-04
1.385808e-04
1.384914e-04
1.358623e-04
1.395009e-04
1.489613e-04
1.363214e-04
1.422409e-04
1.378208e-04
1.379205e-04
1.500808e-04
1.385007e-04

Second Drift
2.632181e-03
2.941383e-03
2.889193e-03
2.906572e-03
2.899223e-03
2.876042e-03
2.895732e-03
2.908813e-03
2.901123e-03
2.908793e-03
2.887283e-03
2.899643e-03
2.919054e-03
2.879363e-03
2.902023e-03
2.894962e-03
2.899921e-03
2.876843e-03
2.862853e-03
2.904443e-03
2.879842e-03
2.874053e-03
2.890962e-03
2.869023e-03
2.908443e-03
2.869823e-03
2.854752e-03
2.919773e-03
2.871892e-03
2.888643e-03
2.923894e-03
2.888113e-03
2.886553e-03
2.917632e-03
2.864862e-03
2.896683e-03
2.906563e-03
2.891243e-03
2.884472e-03
2.908072e-03
2.885962e-03
2.913442e-03
2.874653e-03
2.897062e-03
2.916032e-03
2.886883e-03
2.895162e-03
2.901153e-03
2.899002e-03
2.881792e-03
2.853923e-03
2.888023e-03
2.875543e-03
2.879723e-03
2.887093e-03
2.930704e-03
2.885823e-03
2.887792e-03
2.938413e-03
2.876071e-03
2.891203e-03
2.905363e-03
2.895903e-03
2.915724e-03
2.983114e-03
2.898834e-03
2.920303e-03
2.878513e-03
2.948893e-03
2.916124e-03
2.904752e-03
2.948754e-03
2.906903e-03
2.914604e-03
2.945333e-03
2.895824e-03
2.893384e-03
2.939703e-03
2.894282e-03
2.906823e-03
2.912964e-03
2.900453e-03
2.882233e-03
2.909923e-03
2.923363e-03
2.913753e-03
2.883484e-03
2.935682e-03
2.895483e-03
2.884014e-03
2.917913e-03
2.889493e-03
2.897373e-03
2.905082e-03
2.885162e-03
2.898692e-03
2.893173e-03
2.939753e-03
2.912683e-03
2.879173e-03

--- Configuration ---
nsteps: 100
dt: 1.000000e-04
eps: 5.000000e-02
G: 1.000000e+00
mass: 1.000000e+00
energy_every: 100
energy_tol: 1.000000e-03
kernel_choice: obrtr
kinetic0: 1.469728e+09
potential0: -2.934067e+09
max_relative_error: 7.003164e-05
PAPI Cycles
0
0
0
0
0
0
0
0
0
0
0
0
0
0
0
0
0
0
0
0
0
0
0
0
0
0
0
0
0
0
0
0
0
0
0
0
0
0
0
0
0
0
0
0
0
0
0
0
0
0
0
0
0
0
0
0
0
0
0
0
0
0
0
0
0
0
0
0
0
0
0
0
0
0
0
0
0
0
0
0
0
0
0
0
0
0
0
0
0
0
0
0
0
0
0
0
0
0
0
0

PAPI Instructions
0
0
0
0
0
0
0
0
0
0
0
0
0
0
0
0
0
0
0
0
0
0
0
0
0
0
0
0
0
0
0
0
0
0
0
0
0
0
0
0
0
0
0
0
0
0
0
0
0
0
0
0
0
0
0
0
0
0
0
0
0
0
0
0
0
0
0
0
0
0
0
0
0
0
0
0
0
0
0
0
0
0
0
0
0
0
0
0
0
0
0
0
0
0
0
0
0
0
0
0

PAPI L1 Misses
0
0
0
0
0
0
0
0
0
0
0
0
0
0
0
0
0
0
0
0
0
0
0
0
0
0
0
0
0
0
0
0
0
0
0
0
0
0
0
0
0
0
0
0
0
0
0
0
0
0
0
0
0
0
0
0
0
0
0
0
0
0
0
0
0
0
0
0
0
0
0
0
0
0
0
0
0
0
0
0
0
0
0
0
0
0
0
0
0
0
0
0
0
0
0
0
0
0
0
0

PAPI L2 Misses
0
0
0
0
0
0
0
0
0
0
0
0
0
0
0
0
0
0
0
0
0
0
0
0
0
0
0
0
0
0
0
0
0
0
0
0
0
0
0
0
0
0
0
0
0
0
0
0
0
0
0
0
0
0
0
0
0
0
0
0
0
0
0
0
0
0
0
0
0
0
0
0
0
0
0
0
0
0
0
0
0
0
0
0
0
0
0
0
0
0
0
0
0
0
0
0
0
0
0
0

PAPI Vectorial DP
0
0
0
0
0
0
0
0
0
0
0
0
0
0
0
0
0
0
0
0
0
0
0
0
0
0
0
0
0
0
0
0
0
0
0
0
0
0
0
0
0
0
0
0
0
0
0
0
0
0
0
0
0
0
0
0
0
0
0
0
0
0
0
0
0
0
0
0
0
0
0
0
0
0
0
0
0
0
0
0
0
0
0
0
0
0
0
0
0
0
0
0
0
0
0
0
0
0
0
0

File Read
2.797282e-03

File Write
6.140780e-03

Total Run
1.614047e+01

Total Step
1.025148e-01
5.367520e-02
5.360266e-02
5.365973e-02
5.439805e-02
5.485953e-02
5.517648e-02
5.498445e-02
5.523561e-02
5.526290e-02
5.520165e-02
5.527137e-02
5.521613e-02
5.539779e-02
5.544282e-02
5.531993e-02
5.556337e-02
5.542795e-02
5.537953e-02
5.539660e-02
5.507171e-02
5.532485e-02
5.548202e-02
5.532754e-02
5.540417e-02
5.523578e-02
5.503521e-02
5.530758e-02
5.543158e-02
5.508124e-02
5.538702e-02
5.542957e-02
5.527634e-02
5.515289e-02
5.522102e-02
5.509324e-02
5.512952e-02
5.511601e-02
5.535081e-02
5.512400e-02
5.536082e-02
5.532630e-02
5.534796e-02
5.520962e-02
5.533470e-02
5.536370e-02
5.530887e-02
5.511811e-02
5.538899e-02
5.514553e-02
5.572892e-02
5.532973e-02
5.511788e-02
5.963769e-02
5.575780e-02
5.535932e-02
5.545323e-02
5.547214e-02
5.534029e-02
5.563216e-02
5.550769e-02
5.535065e-02
5.554179e-02
5.564695e-02
5.539629e-02
5.545348e-02
5.549151e-02
5.551740e-02
5.545637e-02
5.557178e-02
5.538366e-02
5.544929e-02
5.549035e-02
5.529289e-02
5.538760e-02
5.547058e-02
5.530523e-02
5.551109e-02
5.549229e-02
5.541138e-02
5.552082e-02
5.545784e-02
5.544359e-02
5.548125e-02
5.565549e-02
5.529053e-02
5.548987e-02
5.547811e-02
5.528784e-02
5.534996e-02
5.860542e-02
5.553253e-02
5.550672e-02
5.548540e-02
5.538229e-02
5.542431e-02
5.550193e-02
5.545921e-02
5.544857e-02
5.549441e-02

First Drift
1.432607e-04
9.077135e-05
9.188987e-05
9.104982e-05
9.183120e-05
9.445008e-05
9.474996e-05
9.528082e-05
9.561051e-05
9.645056e-05
9.641144e-05
9.746011e-05
9.438116e-05
9.593088e-05
9.621121e-05
9.599049e-05
1.011109e-04
9.585079e-05
9.483099e-05
9.781122e-05
9.403937e-05
9.543169e-05
9.523146e-05
9.511039e-05
9.527057e-05
9.535067e-05
9.465963e-05
9.487104e-05
9.568129e-05
9.434111e-05
9.704102e-05
9.489153e-05
9.573158e-05
9.569060e-05
9.548012e-05
9.508058e-05
9.963103e-05
9.537954e-05
9.679981e-05
9.587966e-05
9.509083e-05
9.540934e-05
9.577069e-05
9.533111e-05
1.006117e-04
9.502005e-05
9.384006e-05
9.995047e-05
9.472109e-05
9.537116e-05
9.583961e-05
9.402074e-05
9.524077e-05
9.493064e-05
9.514019e-05
9.528175e-05
9.627081e-05
9.898096e-05
9.616185e-05
9.540096e-05
9.461120e-05
9.520072e-05
9.457115e-05
9.363983e-05
9.601098e-05
9.469129e-05
9.608082e-05
9.682123e-05
9.432994e-05
9.619072e-05
9.547081e-05
9.645056e-05
9.484123e-05
9.477977e-05
1.014005e-04
9.688083e-05
9.446125e-05
9.479001e-05
9.531062e-05
9.470154e-05
9.527151e-05
9.556115e-05
9.580143e-05
9.864103e-05
9.499118e-05
9.485055e-05
9.462051e-05
9.547174e-05
9.377114e-05
9.610131e-05
9.863079e-05
9.643938e-05
9.472109e-05
9.632111e-05
9.450968e-05
9.577163e-05
1.011491e-04
9.473972e-05
9.607151e-05
9.508058e-05

Compute Force
9.950330e-02
5.054611e-02
5.051369e-02
5.054245e-02
5.129184e-02
5.177496e-02
5.205419e-02
5.185195e-02
5.217308e-02
5.214654e-02
5.206774e-02
5.218674e-02
5.210410e-02
5.225831e-02
5.236205e-02
5.220800e-02
5.241768e-02
5.236495e-02
5.225903e-02
5.225802e-02
5.200331e-02
5.220097e-02
5.234651e-02
5.225601e-02
5.227552e-02
5.209895e-02
5.195022e-02
5.223742e-02
5.229726e-02
5.198368e-02
5.228498e-02
5.228704e-02
5.217989e-02
5.204397e-02
5.209784e-02
5.196488e-02
5.199459e-02
5.201203e-02
5.221249e-02
5.200926e-02
5.227619e-02
5.220163e-02
5.222874e-02
5.210629e-02
5.221450e-02
5.224608e-02
5.221807e-02
5.198548e-02
5.228789e-02
5.205821e-02
5.260863e-02
5.221755e-02
5.205087e-02
5.544046e-02
5.268485e-02
5.233716e-02
5.238073e-02
5.241176e-02
5.232107e-02
5.255212e-02
5.244442e-02
5.232605e-02
5.248242e-02
5.256973e-02
5.236832e-02
5.238511e-02
5.240903e-02
5.247671e-02
5.238608e-02
5.248160e-02
5.236502e-02
5.238202e-02
5.238180e-02
5.228418e-02
5.230016e-02
5.237986e-02
5.229160e-02
5.242902e-02
5.241058e-02
5.239993e-02
5.244959e-02
5.236086e-02
5.237175e-02
5.239891e-02
5.255739e-02
5.226031e-02
5.243315e-02
5.239450e-02
5.223874e-02
5.231434e-02
5.508386e-02
5.249942e-02
5.246626e-02
5.236543e-02
5.233302e-02
5.239464e-02
5.238720e-02
5.240684e-02
5.239732e-02
5.236528e-02

Kick
1.403913e-04
1.390707e-04
1.417417e-04
1.376905e-04
1.398306e-04
1.395009e-04
1.390716e-04
1.401110e-04
1.381617e-04
1.385203e-04
1.398716e-04
1.360113e-04
1.407610e-04
1.457212e-04
1.389608e-04
1.526009e-04
1.450712e-04
1.463303e-04
1.444016e-04
1.403708e-04
1.388211e-04
1.400914e-04
1.386805e-04
1.499308e-04
1.440309e-04
1.408104e-04
1.484212e-04
1.528012e-04
1.406316e-04
1.442404e-04
1.418414e-04
1.404416e-04
1.428612e-04
1.411010e-04
1.432812e-04
1.504710e-04
1.394609e-04
1.435811e-04
1.415815e-04
1.402711e-04
1.420015e-04
1.387503e-04
1.408309e-04
1.473213e-04
1.397813e-04
1.394814e-04
1.506805e-04
1.449604e-04
1.405505e-04
1.380006e-04
1.414614e-04
1.397813e-04
1.379624e-04
6.659254e-04
1.176316e-04
1.160614e-04
1.245905e-04
1.160810e-04
1.143105e-04
1.149811e-04
1.231506e-04
1.134602e-04
1.159310e-04
1.157718e-04
1.184111e-04
1.149205e-04
1.165112e-04
1.116404e-04
1.149811e-04
1.205010e-04
1.146914e-04
1.195008e-04
1.217909e-04
1.146113e-04
1.194207e-04
1.163799e-04
1.136903e-04
1.167115e-04
1.141215e-04
1.155110e-04
1.166007e-04
1.169909e-04
1.281509e-04
1.209006e-04
1.187911e-04
1.214705e-04
1.305509e-04
1.176614e-04
1.178114e-04
1.167608e-04
1.202412e-04
1.205709e-04
1.207711e-04
1.227409e-04
1.264205e-04
1.269309e-04
1.220107e-04
1.221215e-04
1.166807e-04
1.163715e-04

Second Drift
2.668791e-03
2.897982e-03
2.854323e-03
2.887593e-03
2.873493e-03
2.849653e-03
2.887432e-03
2.896153e-03
2.827562e-03
2.880612e-03
2.896533e-03
2.850352e-03
2.876013e-03
2.896853e-03
2.844993e-03
2.861852e-03
2.898203e-03
2.818142e-03
2.880372e-03
2.899153e-03
2.834662e-03
2.887403e-03
2.900763e-03
2.825432e-03
2.888423e-03
2.899824e-03
2.840932e-03
2.821442e-03
2.897063e-03
2.858093e-03
2.862061e-03
2.906533e-03
2.856634e-03
2.870823e-03
2.883564e-03
2.881464e-03
2.894723e-03
2.864112e-03
2.898953e-03
2.877443e-03
2.846343e-03
2.889654e-03
2.881303e-03
2.859593e-03
2.878673e-03
2.881982e-03
2.845262e-03
2.886722e-03
2.864752e-03
2.853143e-03
2.881863e-03
2.877143e-03
2.833002e-03
3.426147e-03
2.859253e-03
2.809902e-03
2.850614e-03
2.844391e-03
2.807981e-03
2.868813e-03
2.844192e-03
2.815172e-03
2.847792e-03
2.867013e-03
2.812471e-03
2.857702e-03
2.868903e-03
2.831602e-03
2.860112e-03
2.872554e-03
2.807432e-03
2.850513e-03
2.879893e-03
2.798403e-03
2.865662e-03
2.876363e-03
2.804632e-03
2.869573e-03
2.871282e-03
2.800441e-03
2.858442e-03
2.883503e-03
2.846622e-03
2.861492e-03
2.883483e-03
2.812902e-03
2.830433e-03
2.869753e-03
2.836662e-03
2.822001e-03
3.301907e-03
2.815032e-03
2.824032e-03
2.900213e-03
2.827242e-03
2.806203e-03
2.891093e-03
2.834712e-03
2.837643e-03
2.916813e-03

--- Configuration ---
nsteps: 100
dt: 1.000000e-04
eps: 5.000000e-02
G: 1.000000e+00
mass: 1.000000e+00
energy_every: 100
energy_tol: 1.000000e-03
kernel_choice: obrtr
kinetic0: 1.469728e+09
potential0: -2.934067e+09
max_relative_error: 7.003164e-05
PAPI Cycles
0
0
0
0
0
0
0
0
0
0
0
0
0
0
0
0
0
0
0
0
0
0
0
0
0
0
0
0
0
0
0
0
0
0
0
0
0
0
0
0
0
0
0
0
0
0
0
0
0
0
0
0
0
0
0
0
0
0
0
0
0
0
0
0
0
0
0
0
0
0
0
0
0
0
0
0
0
0
0
0
0
0
0
0
0
0
0
0
0
0
0
0
0
0
0
0
0
0
0
0

PAPI Instructions
0
0
0
0
0
0
0
0
0
0
0
0
0
0
0
0
0
0
0
0
0
0
0
0
0
0
0
0
0
0
0
0
0
0
0
0
0
0
0
0
0
0
0
0
0
0
0
0
0
0
0
0
0
0
0
0
0
0
0
0
0
0
0
0
0
0
0
0
0
0
0
0
0
0
0
0
0
0
0
0
0
0
0
0
0
0
0
0
0
0
0
0
0
0
0
0
0
0
0
0

PAPI L1 Misses
0
0
0
0
0
0
0
0
0
0
0
0
0
0
0
0
0
0
0
0
0
0
0
0
0
0
0
0
0
0
0
0
0
0
0
0
0
0
0
0
0
0
0
0
0
0
0
0
0
0
0
0
0
0
0
0
0
0
0
0
0
0
0
0
0
0
0
0
0
0
0
0
0
0
0
0
0
0
0
0
0
0
0
0
0
0
0
0
0
0
0
0
0
0
0
0
0
0
0
0

PAPI L2 Misses
0
0
0
0
0
0
0
0
0
0
0
0
0
0
0
0
0
0
0
0
0
0
0
0
0
0
0
0
0
0
0
0
0
0
0
0
0
0
0
0
0
0
0
0
0
0
0
0
0
0
0
0
0
0
0
0
0
0
0
0
0
0
0
0
0
0
0
0
0
0
0
0
0
0
0
0
0
0
0
0
0
0
0
0
0
0
0
0
0
0
0
0
0
0
0
0
0
0
0
0

PAPI Vectorial DP
0
0
0
0
0
0
0
0
0
0
0
0
0
0
0
0
0
0
0
0
0
0
0
0
0
0
0
0
0
0
0
0
0
0
0
0
0
0
0
0
0
0
0
0
0
0
0
0
0
0
0
0
0
0
0
0
0
0
0
0
0
0
0
0
0
0
0
0
0
0
0
0
0
0
0
0
0
0
0
0
0
0
0
0
0
0
0
0
0
0
0
0
0
0
0
0
0
0
0
0

File Read
2.779472e-03

File Write
6.008428e-03

Total Run
1.614337e+01

Total Step
1.025873e-01
5.374154e-02
5.385011e-02
5.381459e-02
5.433016e-02
5.473878e-02
5.513957e-02
5.506909e-02
5.525023e-02
5.504747e-02
5.527167e-02
5.554294e-02
5.528049e-02
5.512084e-02
5.508674e-02
5.514630e-02
5.524605e-02
5.574763e-02
5.517920e-02
5.535100e-02
5.527509e-02
5.538817e-02
5.532209e-02
5.529305e-02
5.538147e-02
5.544623e-02
5.533595e-02
5.537549e-02
5.530554e-02
5.525751e-02
5.533627e-02
5.532172e-02
5.506773e-02
5.535356e-02
5.513188e-02
5.525420e-02
5.516203e-02
5.527748e-02
5.513965e-02
5.535515e-02
5.534354e-02
5.530945e-02
5.528088e-02
5.531252e-02
5.520500e-02
5.506039e-02
5.526147e-02
6.295643e-02
5.515741e-02
5.507729e-02
5.502233e-02
5.524443e-02
5.532467e-02
5.919301e-02
5.560517e-02
5.527954e-02
5.533057e-02
5.540202e-02
5.531919e-02
5.549744e-02
5.528260e-02
5.518227e-02
5.534179e-02
5.534126e-02
5.523904e-02
5.529335e-02
5.514882e-02
5.526564e-02
5.526475e-02
5.525395e-02
5.520506e-02
5.527237e-02
5.528945e-02
5.514919e-02
5.536080e-02
5.528250e-02
5.523099e-02
5.527829e-02
5.527874e-02
5.520127e-02
5.522642e-02
5.533586e-02
5.520318e-02
5.526370e-02
5.532798e-02
5.521675e-02
5.530413e-02
5.522970e-02
5.521333e-02
5.532532e-02
5.835092e-02
5.536508e-02
5.529913e-02
5.566168e-02
5.535357e-02
5.533735e-02
5.532643e-02
5.535327e-02
5.534543e-02
5.516856e-02

First Drift
1.390912e-04
9.250082e-05
9.223167e-05
9.292178e-05
9.243097e-05
9.213109e-05
9.513088e-05
9.383168e-05
9.523984e-05
9.446032e-05
9.613112e-05
1.011007e-04
9.630993e-05
9.524077e-05
9.475090e-05
1.177713e-04
9.590108e-05
9.548105e-05
9.624101e-05
9.682029e-05
9.640120e-05
9.696092e-05
9.451061e-05
9.601098e-05
9.613018e-05
9.612087e-05
9.437092e-05
9.502005e-05
9.587966e-05
9.556115e-05
1.022704e-04
9.617116e-05
9.576138e-05
9.561144e-05
9.477139e-05
9.611063e-05
9.677093e-05
9.564031e-05
9.384099e-05
9.594020e-05
9.643100e-05
9.510014e-05
9.519141e-05
9.563006e-05
9.516068e-05
9.533018e-05
9.517092e-05
9.466056e-05
9.592157e-05
9.511970e-05
9.541120e-05
9.480026e-05
9.633135e-05
9.970181e-05
9.692088e-05
9.520072e-05
9.500049e-05
9.487942e-05
9.531993e-05
9.541120e-05
9.474065e-05
9.561051e-05
9.575114e-05
9.508058e-05
9.567942e-05
1.003314e-04
9.436067e-05
9.545125e-05
9.468012e-05
9.955931e-05
9.639934e-05
9.552110e-05
9.614974e-05
9.896141e-05
9.648129e-05
9.375159e-05
9.592064e-05
1.105415e-04
9.654183e-05
9.619072e-05
9.611063e-05
1.003304e-04
9.648129e-05
9.654090e-05
9.444170e-05
9.543076e-05
9.587035e-05
9.666104e-05
9.521097e-05
9.550061e-05
9.641051e-05
9.445101e-05
9.549130e-05
9.626057e-05
9.550992e-05
9.525940e-05
9.603053e-05
9.698141e-05
9.632111e-05
9.561051e-05

Compute Force
9.958311e-02
5.064899e-02
5.072894e-02
5.070687e-02
5.123826e-02
5.162691e-02
5.203790e-02
5.195889e-02
5.213767e-02
5.194902e-02
5.215177e-02
5.241297e-02
5.220258e-02
5.197645e-02
5.190099e-02
5.197802e-02
5.212410e-02
5.265473e-02
5.207208e-02
5.220305e-02
5.217851e-02
5.229813e-02
5.216570e-02
5.220035e-02
5.228881e-02
5.230603e-02
5.224187e-02
5.225998e-02
5.218587e-02
5.208366e-02
5.221319e-02
5.219794e-02
5.194271e-02
5.223513e-02
5.202019e-02
5.216329e-02
5.204719e-02
5.212670e-02
5.200191e-02
5.226443e-02
5.221098e-02
5.218286e-02
5.217549e-02
5.218920e-02
5.208283e-02
5.194843e-02
5.213142e-02
5.992340e-02
5.206140e-02
5.196271e-02
5.189679e-02
5.215326e-02
5.218544e-02
5.509435e-02
5.255402e-02
5.221045e-02
5.223924e-02
5.236311e-02
5.222308e-02
5.239590e-02
5.224510e-02
5.210555e-02
5.225177e-02
5.229110e-02
5.214525e-02
5.222928e-02
5.210704e-02
5.221230e-02
5.219780e-02
5.218479e-02
5.212984e-02
5.222657e-02
5.219759e-02
5.206747e-02
5.224644e-02
5.218827e-02
5.217903e-02
5.221501e-02
5.218608e-02
5.213451e-02
5.220168e-02
5.222602e-02
5.216355e-02
5.222611e-02
5.221482e-02
5.216908e-02
5.223637e-02
5.213863e-02
5.214420e-02
5.218530e-02
5.533320e-02
5.231188e-02
5.223038e-02
5.258865e-02
5.230203e-02
5.226879e-02
5.225392e-02
5.228862e-02
5.226110e-02
5.211896e-02

Kick
1.429208e-04
1.392020e-04
1.418712e-04
1.366613e-04
1.396714e-04
1.372211e-04
1.382614e-04
1.469916e-04
1.364704e-04
1.388825e-04
1.514405e-04
1.365906e-04
1.397822e-04
1.436118e-04
1.372211e-04
1.391508e-04
1.350008e-04
1.380323e-04
1.390306e-04
1.398716e-04
1.524417e-04
1.445310e-04
1.380714e-04
1.504021e-04
1.435420e-04
1.401007e-04
1.386506e-04
1.395503e-04
1.395009e-04
1.471406e-04
1.411317e-04
1.442106e-04
1.382008e-04
1.410805e-04
1.431815e-04
1.400011e-04
1.414912e-04
1.381012e-04
1.475215e-04
1.398111e-04
1.428006e-04
1.394413e-04
1.415415e-04
1.367712e-04
1.381710e-04
1.484202e-04
1.383713e-04
1.349207e-04
1.401603e-04
1.433725e-04
1.379708e-04
1.411708e-04
1.537614e-04
6.592851e-04
1.166407e-04
1.188014e-04
1.143506e-04
1.144502e-04
1.194803e-04
1.167711e-04
1.209807e-04
1.113806e-04
1.139510e-04
1.158817e-04
1.207506e-04
1.133606e-04
1.162514e-04
1.132805e-04
1.189811e-04
1.119897e-04
1.139604e-04
1.151403e-04
1.291018e-04
1.132609e-04
1.152297e-04
1.147604e-04
1.115007e-04
1.133308e-04
1.125410e-04
1.131799e-04
1.134109e-04
1.145713e-04
1.175907e-04
1.171213e-04
1.138309e-04
1.127599e-04
1.122709e-04
1.158202e-04
1.123110e-04
1.130914e-04
1.214109e-04
1.136204e-04
1.111813e-04
1.159310e-04
1.139501e-04
1.146011e-04
1.184512e-04
1.140293e-04
1.148209e-04
1.260210e-04

Second Drift
2.663251e-03
2.859462e-03
2.886213e-03
2.877143e-03
2.858393e-03
2.881433e-03
2.867243e-03
2.868243e-03
2.879803e-03
2.863773e-03
2.871072e-03
2.890803e-03
2.840532e-03
2.904333e-03
2.952784e-03
2.910313e-03
2.889433e-03
2.858222e-03
2.870323e-03
2.910182e-03
2.846663e-03
2.847442e-03
2.922792e-03
2.845373e-03
2.851783e-03
2.902813e-03
2.859903e-03
2.879422e-03
2.883013e-03
2.930134e-03
2.878223e-03
2.882042e-03
2.889813e-03
2.880333e-03
2.872403e-03
2.853642e-03
2.874933e-03
2.915763e-03
2.895593e-03
2.853993e-03
2.892313e-03
2.890753e-03
2.867122e-03
2.889963e-03
2.887783e-03
2.866502e-03
2.895332e-03
2.802382e-03
2.858993e-03
2.875462e-03
2.891413e-03
2.854513e-03
2.888403e-03
3.324877e-03
2.836891e-03
2.854262e-03
2.880943e-03
2.828883e-03
2.880473e-03
2.888452e-03
2.820953e-03
2.868962e-03
2.879622e-03
2.837993e-03
2.876423e-03
2.849572e-03
2.830033e-03
2.843633e-03
2.852503e-03
2.856783e-03
2.864033e-03
2.833802e-03
2.853702e-03
2.868802e-03
2.901753e-03
2.884842e-03
2.843833e-03
2.838773e-03
2.882432e-03
2.856603e-03
2.814472e-03
2.893963e-03
2.824742e-03
2.823182e-03
2.904013e-03
2.838343e-03
2.858273e-03
2.877613e-03
2.861013e-03
2.930732e-03
2.799042e-03
2.844292e-03
2.861372e-03
2.859843e-03
2.841303e-03
2.857792e-03
2.856842e-03
2.852682e-03
2.872223e-03
2.827142e-03

--- Configuration ---
nsteps: 100
dt: 1.000000e-04
eps: 5.000000e-02
G: 1.000000e+00
mass: 1.000000e+00
energy_every: 100
energy_tol: 1.000000e-03
kernel_choice: obrtr
kinetic0: 1.469728e+09
potential0: -2.934067e+09
max_relative_error: 7.003164e-05
PAPI Cycles
0
0
0
0
0
0
0
0
0
0
0
0
0
0
0
0
0
0
0
0
0
0
0
0
0
0
0
0
0
0
0
0
0
0
0
0
0
0
0
0
0
0
0
0
0
0
0
0
0
0
0
0
0
0
0
0
0
0
0
0
0
0
0
0
0
0
0
0
0
0
0
0
0
0
0
0
0
0
0
0
0
0
0
0
0
0
0
0
0
0
0
0
0
0
0
0
0
0
0
0

PAPI Instructions
0
0
0
0
0
0
0
0
0
0
0
0
0
0
0
0
0
0
0
0
0
0
0
0
0
0
0
0
0
0
0
0
0
0
0
0
0
0
0
0
0
0
0
0
0
0
0
0
0
0
0
0
0
0
0
0
0
0
0
0
0
0
0
0
0
0
0
0
0
0
0
0
0
0
0
0
0
0
0
0
0
0
0
0
0
0
0
0
0
0
0
0
0
0
0
0
0
0
0
0

PAPI L1 Misses
0
0
0
0
0
0
0
0
0
0
0
0
0
0
0
0
0
0
0
0
0
0
0
0
0
0
0
0
0
0
0
0
0
0
0
0
0
0
0
0
0
0
0
0
0
0
0
0
0
0
0
0
0
0
0
0
0
0
0
0
0
0
0
0
0
0
0
0
0
0
0
0
0
0
0
0
0
0
0
0
0
0
0
0
0
0
0
0
0
0
0
0
0
0
0
0
0
0
0
0

PAPI L2 Misses
0
0
0
0
0
0
0
0
0
0
0
0
0
0
0
0
0
0
0
0
0
0
0
0
0
0
0
0
0
0
0
0
0
0
0
0
0
0
0
0
0
0
0
0
0
0
0
0
0
0
0
0
0
0
0
0
0
0
0
0
0
0
0
0
0
0
0
0
0
0
0
0
0
0
0
0
0
0
0
0
0
0
0
0
0
0
0
0
0
0
0
0
0
0
0
0
0
0
0
0

PAPI Vectorial DP
0
0
0
0
0
0
0
0
0
0
0
0
0
0
0
0
0
0
0
0
0
0
0
0
0
0
0
0
0
0
0
0
0
0
0
0
0
0
0
0
0
0
0
0
0
0
0
0
0
0
0
0
0
0
0
0
0
0
0
0
0
0
0
0
0
0
0
0
0
0
0
0
0
0
0
0
0
0
0
0
0
0
0
0
0
0
0
0
0
0
0
0
0
0
0
0
0
0
0
0

File Read
3.959361e-03

File Write
5.419982e-03

Total Run
1.613585e+01

Total Step
1.020384e-01
5.355151e-02
5.360327e-02
5.344396e-02
5.401711e-02
5.464849e-02
5.494651e-02
5.470020e-02
5.502666e-02
5.509231e-02
5.507158e-02
5.504458e-02
5.511483e-02
5.507882e-02
5.494453e-02
5.495760e-02
5.500788e-02
5.558419e-02
5.492147e-02
5.495832e-02
5.491203e-02
5.497180e-02
5.505293e-02
5.504513e-02
5.506830e-02
5.514000e-02
5.488689e-02
5.484403e-02
5.491742e-02
5.495659e-02
5.512515e-02
5.487521e-02
5.485002e-02
5.508776e-02
5.516095e-02
5.507142e-02
5.494862e-02
5.499753e-02
5.505410e-02
5.507428e-02
5.492349e-02
5.502975e-02
5.497247e-02
5.506465e-02
5.485793e-02
5.497717e-02
5.499431e-02
5.496286e-02
5.506733e-02
5.486090e-02
5.500900e-02
5.510940e-02
5.501344e-02
5.505309e-02
6.574252e-02
5.526194e-02
5.525052e-02
5.518454e-02
5.519106e-02
5.520289e-02
5.535446e-02
5.512042e-02
5.530389e-02
5.512713e-02
5.516879e-02
5.529183e-02
5.500713e-02
5.510683e-02
5.527796e-02
5.510813e-02
5.515310e-02
5.522815e-02
5.520020e-02
5.517593e-02
5.533688e-02
5.511387e-02
5.525763e-02
5.521082e-02
5.498433e-02
5.511357e-02
5.524080e-02
5.512642e-02
5.520146e-02
5.504146e-02
5.514803e-02
5.521546e-02
5.512004e-02
5.520581e-02
5.528701e-02
5.520827e-02
6.205200e-02
5.530863e-02
5.517956e-02
5.524829e-02
5.522843e-02
5.507380e-02
5.503953e-02
5.528720e-02
5.508055e-02
5.514017e-02

First Drift
1.401305e-04
9.298045e-05
9.154156e-05
9.694975e-05
9.265076e-05
9.659957e-05
9.635091e-05
9.526033e-05
9.646080e-05
9.590015e-05
9.556022e-05
9.572133e-05
1.004506e-04
9.591039e-05
9.576045e-05
9.598024e-05
9.667035e-05
9.639096e-05
9.612087e-05
9.626057e-05
9.638164e-05
9.805057e-05
9.623170e-05
9.528082e-05
9.589083e-05
9.624008e-05
9.628013e-05
9.765103e-05
9.498093e-05
9.611156e-05
9.615067e-05
9.647105e-05
9.554066e-05
9.608082e-05
9.630155e-05
9.731110e-05
9.538047e-05
9.688176e-05
9.556115e-05
9.632111e-05
9.623077e-05
9.361096e-05
9.616092e-05
9.594951e-05
9.508058e-05
9.564124e-05
9.589083e-05
9.561051e-05
9.703077e-05
9.750016e-05
9.698980e-05
9.631086e-05
9.505078e-05
9.673182e-05
9.636115e-05
9.700097e-05
9.731110e-05
9.499956e-05
9.624101e-05
9.671971e-05
9.778049e-05
9.758119e-05
9.939075e-05
9.698141e-05
9.393133e-05
9.714160e-05
9.573158e-05
9.534135e-05
9.689108e-05
9.609107e-05
9.792112e-05
9.798072e-05
9.656139e-05
9.697117e-05
1.037214e-04
9.807106e-05
9.637140e-05
9.706058e-05
9.637047e-05
9.618141e-05
1.015905e-04
9.727105e-05
9.760167e-05
9.753089e-05
9.573065e-05
9.761099e-05
9.789132e-05
9.647105e-05
9.781122e-05
9.762123e-05
9.691063e-05
9.741914e-05
9.678118e-05
9.678956e-05
9.773020e-05
9.662006e-05
9.640120e-05
9.761099e-05
9.784102e-05
9.762030e-05

Compute Force
9.902509e-02
5.043536e-02
5.051679e-02
5.032283e-02
5.090308e-02
5.147754e-02
5.179176e-02
5.156807e-02
5.189073e-02
5.193004e-02
5.195071e-02
5.191906e-02
5.196395e-02
5.197651e-02
5.182240e-02
5.181597e-02
5.191270e-02
5.246936e-02
5.179036e-02
5.188273e-02
5.176693e-02
5.185150e-02
5.197561e-02
5.193007e-02
5.193068e-02
5.205678e-02
5.176422e-02
5.174686e-02
5.183161e-02
5.183435e-02
5.194326e-02
5.177860e-02
5.171869e-02
5.198016e-02
5.203080e-02
5.192932e-02
5.181717e-02
5.184968e-02
5.188742e-02
5.193776e-02
5.178430e-02
5.189066e-02
5.185270e-02
5.194520e-02
5.171516e-02
5.189295e-02
5.188702e-02
5.182816e-02
5.198434e-02
5.171293e-02
5.188086e-02
5.203742e-02
5.187862e-02
5.191735e-02
6.209589e-02
5.211902e-02
5.207886e-02
5.206944e-02
5.206520e-02
5.205278e-02
5.217879e-02
5.199723e-02
5.216399e-02
5.202743e-02
5.202892e-02
5.213575e-02
5.193258e-02
5.197125e-02
5.210712e-02
5.203181e-02
5.202203e-02
5.207614e-02
5.209527e-02
5.202776e-02
5.218050e-02
5.201703e-02
5.211035e-02
5.207289e-02
5.189188e-02
5.194191e-02
5.209582e-02
5.202662e-02
5.201591e-02
5.192013e-02
5.199560e-02
5.202250e-02
5.198270e-02
5.206732e-02
5.208601e-02
5.206303e-02
5.900113e-02
5.211525e-02
5.205860e-02
5.209601e-02
5.203064e-02
5.194628e-02
5.190089e-02
5.208658e-02
5.195014e-02
5.200251e-02

Kick
1.514005e-04
1.371615e-04
1.504607e-04
1.394609e-04
1.373217e-04
1.607109e-04
1.511117e-04
1.392206e-04
1.400309e-04
1.412211e-04
1.493506e-04
1.568114e-04
1.403913e-04
1.412313e-04
1.420407e-04
1.507616e-04
1.384607e-04
1.424607e-04
1.409110e-04
1.391610e-04
1.453003e-04
1.382716e-04
1.400914e-04
1.461608e-04
1.389207e-04
1.384011e-04
1.397207e-04
1.378907e-04
1.425603e-04
1.400709e-04
1.361407e-04
1.384309e-04
1.395606e-04
1.371009e-04
1.408709e-04
1.443811e-04
1.380006e-04
1.416411e-04
1.379307e-04
1.401417e-04
1.414921e-04
1.382604e-04
1.457613e-04
1.459019e-04
1.397710e-04
1.403727e-04
1.410311e-04
1.549507e-04
1.383703e-04
1.482815e-04
1.402805e-04
1.388006e-04
1.454605e-04
1.386618e-04
6.629061e-04
1.451923e-04
1.375107e-04
1.485515e-04
1.380909e-04
1.446623e-04
1.355112e-04
1.394209e-04
1.379317e-04
1.452211e-04
1.441306e-04
1.413906e-04
1.371112e-04
1.422502e-04
1.443410e-04
1.382018e-04
1.386311e-04
1.386404e-04
1.394823e-04
1.383210e-04
1.366008e-04
1.431024e-04
1.371717e-04
1.351507e-04
1.433715e-04
1.357412e-04
1.341812e-04
1.394413e-04
1.440821e-04
1.350604e-04
1.425510e-04
1.389105e-04
1.457408e-04
1.364313e-04
1.359712e-04
1.400402e-04
1.458712e-04
1.503211e-04
1.354106e-04
1.428509e-04
1.433119e-04
1.414809e-04
1.424812e-04
1.394106e-04
1.369808e-04
1.446214e-04

Second Drift
2.665591e-03
2.884394e-03
2.843043e-03
2.883342e-03
2.882423e-03
2.912053e-03
2.905893e-03
2.896043e-03
2.898423e-03
2.923843e-03
2.874712e-03
2.871872e-03
2.908843e-03
2.863673e-03
2.883064e-03
2.893623e-03
2.858303e-03
2.874792e-03
2.892703e-03
2.838712e-03
2.901943e-03
2.882413e-03
2.839603e-03
2.872413e-03
2.901083e-03
2.847433e-03
2.885442e-03
2.860532e-03
2.847251e-03
2.884733e-03
2.947493e-03
2.860762e-03
2.894834e-03
2.872903e-03
2.891643e-03
2.899094e-03
2.896853e-03
2.908193e-03
2.932292e-03
2.899064e-03
2.899932e-03
2.906404e-03
2.876873e-03
2.876552e-03
2.906793e-03
2.846833e-03
2.869483e-03
2.883042e-03
2.846643e-03
2.901372e-03
2.889683e-03
2.835923e-03
2.893173e-03
2.899362e-03
2.858972e-03
2.899623e-03
2.935553e-03
2.870752e-03
2.890463e-03
2.907472e-03
2.941463e-03
2.885022e-03
2.901583e-03
2.856613e-03
2.900273e-03
2.916693e-03
2.840963e-03
2.896833e-03
2.928553e-03
2.840803e-03
2.893422e-03
2.914303e-03
2.855773e-03
2.911642e-03
2.915002e-03
2.854683e-03
2.912893e-03
2.904563e-03
2.851882e-03
2.938893e-03
2.908173e-03
2.862002e-03
2.943085e-03
2.887732e-03
2.913223e-03
2.955403e-03
2.892763e-03
2.904373e-03
2.966164e-03
2.906493e-03
2.807231e-03
2.944533e-03
2.887913e-03
2.911343e-03
2.955474e-03
2.888493e-03
2.898903e-03
2.962832e-03
2.894613e-03
2.894543e-03

--- Configuration ---
nsteps: 100
dt: 1.000000e-04
eps: 5.000000e-02
G: 1.000000e+00
mass: 1.000000e+00
energy_every: 100
energy_tol: 1.000000e-03
kernel_choice: obrtr
kinetic0: 1.469728e+09
potential0: -2.934067e+09
max_relative_error: 7.003164e-05
PAPI Cycles
0
0
0
0
0
0
0
0
0
0
0
0
0
0
0
0
0
0
0
0
0
0
0
0
0
0
0
0
0
0
0
0
0
0
0
0
0
0
0
0
0
0
0
0
0
0
0
0
0
0
0
0
0
0
0
0
0
0
0
0
0
0
0
0
0
0
0
0
0
0
0
0
0
0
0
0
0
0
0
0
0
0
0
0
0
0
0
0
0
0
0
0
0
0
0
0
0
0
0
0

PAPI Instructions
0
0
0
0
0
0
0
0
0
0
0
0
0
0
0
0
0
0
0
0
0
0
0
0
0
0
0
0
0
0
0
0
0
0
0
0
0
0
0
0
0
0
0
0
0
0
0
0
0
0
0
0
0
0
0
0
0
0
0
0
0
0
0
0
0
0
0
0
0
0
0
0
0
0
0
0
0
0
0
0
0
0
0
0
0
0
0
0
0
0
0
0
0
0
0
0
0
0
0
0

PAPI L1 Misses
0
0
0
0
0
0
0
0
0
0
0
0
0
0
0
0
0
0
0
0
0
0
0
0
0
0
0
0
0
0
0
0
0
0
0
0
0
0
0
0
0
0
0
0
0
0
0
0
0
0
0
0
0
0
0
0
0
0
0
0
0
0
0
0
0
0
0
0
0
0
0
0
0
0
0
0
0
0
0
0
0
0
0
0
0
0
0
0
0
0
0
0
0
0
0
0
0
0
0
0

PAPI L2 Misses
0
0
0
0
0
0
0
0
0
0
0
0
0
0
0
0
0
0
0
0
0
0
0
0
0
0
0
0
0
0
0
0
0
0
0
0
0
0
0
0
0
0
0
0
0
0
0
0
0
0
0
0
0
0
0
0
0
0
0
0
0
0
0
0
0
0
0
0
0
0
0
0
0
0
0
0
0
0
0
0
0
0
0
0
0
0
0
0
0
0
0
0
0
0
0
0
0
0
0
0

PAPI Vectorial DP
0
0
0
0
0
0
0
0
0
0
0
0
0
0
0
0
0
0
0
0
0
0
0
0
0
0
0
0
0
0
0
0
0
0
0
0
0
0
0
0
0
0
0
0
0
0
0
0
0
0
0
0
0
0
0
0
0
0
0
0
0
0
0
0
0
0
0
0
0
0
0
0
0
0
0
0
0
0
0
0
0
0
0
0
0
0
0
0
0
0
0
0
0
0
0
0
0
0
0
0

