File Read
4.384034e-03

File Write
3.983381e-03

Total Run
1.614500e+01

Total Step
1.003860e-01
5.668713e-02
5.352477e-02
5.355350e-02
5.345964e-02
5.353424e-02
5.355257e-02
5.381783e-02
5.360534e-02
5.355281e-02
5.370359e-02
5.355816e-02
5.360068e-02
5.358847e-02
5.351791e-02
5.378693e-02
5.363547e-02
5.346763e-02
5.371503e-02
5.353491e-02
5.363582e-02
5.369551e-02
5.358040e-02
5.373480e-02
5.379674e-02
5.366965e-02
5.356712e-02
5.372594e-02
5.353404e-02
5.364186e-02
5.363547e-02
5.364237e-02
5.373317e-02
5.368109e-02
5.373262e-02
5.367309e-02
5.366163e-02
5.368511e-02
5.359179e-02
5.377213e-02
5.369370e-02
5.358111e-02
5.376030e-02
5.368268e-02
5.361168e-02
5.363391e-02
5.368284e-02
5.364812e-02
5.372852e-02
5.376484e-02
5.366021e-02
5.380714e-02
5.378853e-02
5.376818e-02
5.365764e-02
5.669645e-02
5.296772e-02
5.330986e-02
5.330757e-02
5.331271e-02
5.330454e-02
5.340066e-02
5.347181e-02
5.342469e-02
5.354955e-02
5.338946e-02
5.339538e-02
5.351003e-02
5.351099e-02
5.337247e-02
5.343149e-02
5.351810e-02
5.348982e-02
5.348212e-02
5.345435e-02
5.352969e-02
5.342110e-02
5.344912e-02
5.346673e-02
5.343586e-02
5.345198e-02
5.346003e-02
5.335933e-02
5.355371e-02
5.345791e-02
5.338987e-02
5.356885e-02
5.343946e-02
5.349333e-02
5.355631e-02
5.353670e-02
5.353316e-02
5.345552e-02
5.866327e-02
5.348628e-02
5.352540e-02
5.342527e-02
5.346085e-02
5.353845e-02
5.349858e-02

First Drift
1.411112e-04
9.628106e-05
9.518117e-05
1.034504e-04
9.456091e-05
1.018709e-04
9.373110e-05
9.557046e-05
9.551179e-05
9.599049e-05
9.543076e-05
9.461027e-05
9.420048e-05
9.438954e-05
9.409059e-05
1.021903e-04
9.473972e-05
9.317044e-05
9.533111e-05
9.473041e-05
9.427033e-05
9.624101e-05
9.670109e-05
9.461027e-05
9.565055e-05
9.318069e-05
9.456091e-05
9.520166e-05
9.384099e-05
9.509176e-05
9.508152e-05
9.419955e-05
9.936094e-05
9.492040e-05
9.495113e-05
9.669922e-05
9.438954e-05
9.503122e-05
9.418093e-05
9.410176e-05
9.476114e-05
9.402167e-05
9.397138e-05
9.576138e-05
9.359140e-05
9.553134e-05
9.779073e-05
9.422097e-05
9.618141e-05
9.390991e-05
9.447988e-05
9.971112e-05
9.504054e-05
9.432994e-05
9.511132e-05
9.911135e-05
9.968132e-05
9.676069e-05
1.029707e-04
9.785127e-05
9.548105e-05
9.455066e-05
9.663124e-05
9.529106e-05
9.627081e-05
9.607058e-05
9.469129e-05
9.618048e-05
9.582005e-05
9.464938e-05
1.010904e-04
9.873975e-05
9.521097e-05
9.668060e-05
9.601098e-05
9.519141e-05
9.590108e-05
9.548105e-05
9.583123e-05
9.644032e-05
9.595044e-05
9.671133e-05
9.517930e-05
9.704102e-05
9.858143e-05
9.558070e-05
9.656046e-05
9.714067e-05
9.424053e-05
9.678118e-05
9.502098e-05
9.507034e-05
9.762030e-05
9.511132e-05
9.776000e-05
1.019817e-04
9.599142e-05
9.937119e-05
9.656046e-05
1.005912e-04

Compute Force
9.583463e-02
5.310208e-02
5.004805e-02
5.005593e-02
4.999147e-02
4.999816e-02
5.005577e-02
5.028333e-02
5.007433e-02
5.006311e-02
5.016415e-02
5.005392e-02
5.007751e-02
5.006250e-02
5.006240e-02
5.024407e-02
5.010246e-02
5.004577e-02
5.020315e-02
5.003705e-02
5.008931e-02
5.015979e-02
5.008494e-02
5.019690e-02
5.025811e-02
5.015267e-02
5.009702e-02
5.014879e-02
5.013657e-02
5.014685e-02
5.010200e-02
5.012869e-02
5.017543e-02
5.018470e-02
5.021309e-02
5.011929e-02
5.015016e-02
5.014342e-02
5.005273e-02
5.026585e-02
5.012038e-02
5.006238e-02
5.018806e-02
5.013355e-02
5.006330e-02
5.016166e-02
5.008863e-02
5.006186e-02
5.015930e-02
5.016702e-02
5.011675e-02
5.018533e-02
5.022822e-02
5.015675e-02
5.009255e-02
5.231410e-02
4.936591e-02
4.968660e-02
4.971857e-02
4.979591e-02
4.970232e-02
4.988636e-02
4.978707e-02
4.981850e-02
4.989125e-02
4.976401e-02
4.986644e-02
4.982422e-02
4.984974e-02
4.973652e-02
4.989449e-02
4.989725e-02
4.987453e-02
4.982976e-02
4.984897e-02
4.987780e-02
4.982693e-02
4.986440e-02
4.984232e-02
4.984746e-02
4.981195e-02
4.983785e-02
4.976383e-02
4.990323e-02
4.981889e-02
4.979877e-02
4.990906e-02
4.983836e-02
4.989979e-02
4.993479e-02
4.993489e-02
4.994565e-02
4.983459e-02
5.497426e-02
4.985350e-02
4.988343e-02
4.984114e-02
4.988958e-02
4.989819e-02
4.991617e-02

Kick
2.426011e-04
1.527825e-04
1.485012e-04
1.482209e-04
1.456710e-04
1.479415e-04
1.458004e-04
1.453711e-04
1.485115e-04
1.452910e-04
1.459606e-04
1.536710e-04
1.446521e-04
1.469404e-04
1.481911e-04
1.455816e-04
1.502009e-04
1.458907e-04
1.444118e-04
1.484323e-04
1.452314e-04
1.474209e-04
1.502214e-04
1.452109e-04
1.549609e-04
1.479220e-04
1.447210e-04
1.468919e-04
1.466405e-04
1.448207e-04
1.536012e-04
1.452109e-04
1.470307e-04
1.569623e-04
1.454316e-04
1.535602e-04
1.464104e-04
1.445813e-04
1.481911e-04
1.443308e-04
1.473809e-04
1.470707e-04
1.448616e-04
1.456114e-04
1.505110e-04
1.443122e-04
1.591407e-04
1.478614e-04
1.448914e-04
1.466116e-04
1.462111e-04
1.463713e-04
1.472915e-04
1.461012e-04
1.464812e-04
7.187463e-04
1.449808e-04
1.541506e-04
1.476314e-04
1.454810e-04
1.475615e-04
1.518922e-04
1.436006e-04
1.483811e-04
1.462512e-04
1.467317e-04
1.475718e-04
1.464514e-04
1.601018e-04
1.462922e-04
1.549320e-04
1.481110e-04
1.435019e-04
1.456216e-04
1.469608e-04
1.453105e-04
1.481511e-04
1.471806e-04
1.468007e-04
1.469012e-04
1.459606e-04
1.530414e-04
1.460714e-04
1.513911e-04
1.481809e-04
1.484407e-04
1.464114e-04
1.593623e-04
1.472514e-04
1.459513e-04
1.468211e-04
1.514209e-04
1.448710e-04
1.584925e-04
1.474814e-04
1.524109e-04
1.496309e-04
1.528207e-04
1.559611e-04
1.580911e-04

Second Drift
4.109313e-03
3.335106e-03
3.231996e-03
3.245196e-03
3.227055e-03
3.285356e-03
3.256625e-03
3.292587e-03
3.285896e-03
3.247485e-03
3.297126e-03
3.255146e-03
3.283605e-03
3.283986e-03
3.212594e-03
3.294586e-03
3.286866e-03
3.182025e-03
3.270925e-03
3.253425e-03
3.306356e-03
3.291136e-03
3.247586e-03
3.297386e-03
3.287056e-03
3.275305e-03
3.230055e-03
3.334106e-03
3.156595e-03
3.254127e-03
3.283886e-03
3.273565e-03
3.310526e-03
3.243636e-03
3.278406e-03
3.302296e-03
3.269566e-03
3.301096e-03
3.295425e-03
3.267244e-03
3.330046e-03
3.276826e-03
3.332817e-03
3.306656e-03
3.303477e-03
3.231866e-03
3.336706e-03
3.343336e-03
3.327588e-03
3.356286e-03
3.302146e-03
3.375096e-03
3.317366e-03
3.370176e-03
3.322856e-03
3.511157e-03
3.356188e-03
3.371466e-03
3.337576e-03
3.272645e-03
3.358196e-03
3.267095e-03
3.443337e-03
3.361695e-03
3.414957e-03
3.381887e-03
3.285916e-03
3.442568e-03
3.404677e-03
3.394087e-03
3.280385e-03
3.373186e-03
3.362607e-03
3.409406e-03
3.361696e-03
3.410397e-03
3.349257e-03
3.341177e-03
3.380827e-03
3.344216e-03
3.397516e-03
3.371837e-03
3.353016e-03
3.401428e-03
3.391567e-03
3.346527e-03
3.416067e-03
3.344046e-03
3.351357e-03
3.378277e-03
3.359106e-03
3.340276e-03
3.377816e-03
3.434608e-03
3.386277e-03
3.386776e-03
3.337566e-03
3.317946e-03
3.387037e-03
3.322867e-03

--- Configuration ---
nsteps: 100
dt: 1.000000e-04
eps: 5.000000e-02
G: 1.000000e+00
mass: 1.000000e+00
energy_every: 100
energy_tol: 1.000000e-03
kernel_choice: ort
kinetic0: 1.469728e+09
potential0: -2.934067e+09
max_relative_error: 7.003164e-05
PAPI Cycles
0
0
0
0
0
0
0
0
0
0
0
0
0
0
0
0
0
0
0
0
0
0
0
0
0
0
0
0
0
0
0
0
0
0
0
0
0
0
0
0
0
0
0
0
0
0
0
0
0
0
0
0
0
0
0
0
0
0
0
0
0
0
0
0
0
0
0
0
0
0
0
0
0
0
0
0
0
0
0
0
0
0
0
0
0
0
0
0
0
0
0
0
0
0
0
0
0
0
0
0

PAPI Instructions
0
0
0
0
0
0
0
0
0
0
0
0
0
0
0
0
0
0
0
0
0
0
0
0
0
0
0
0
0
0
0
0
0
0
0
0
0
0
0
0
0
0
0
0
0
0
0
0
0
0
0
0
0
0
0
0
0
0
0
0
0
0
0
0
0
0
0
0
0
0
0
0
0
0
0
0
0
0
0
0
0
0
0
0
0
0
0
0
0
0
0
0
0
0
0
0
0
0
0
0

PAPI L1 Misses
0
0
0
0
0
0
0
0
0
0
0
0
0
0
0
0
0
0
0
0
0
0
0
0
0
0
0
0
0
0
0
0
0
0
0
0
0
0
0
0
0
0
0
0
0
0
0
0
0
0
0
0
0
0
0
0
0
0
0
0
0
0
0
0
0
0
0
0
0
0
0
0
0
0
0
0
0
0
0
0
0
0
0
0
0
0
0
0
0
0
0
0
0
0
0
0
0
0
0
0

PAPI L2 Misses
0
0
0
0
0
0
0
0
0
0
0
0
0
0
0
0
0
0
0
0
0
0
0
0
0
0
0
0
0
0
0
0
0
0
0
0
0
0
0
0
0
0
0
0
0
0
0
0
0
0
0
0
0
0
0
0
0
0
0
0
0
0
0
0
0
0
0
0
0
0
0
0
0
0
0
0
0
0
0
0
0
0
0
0
0
0
0
0
0
0
0
0
0
0
0
0
0
0
0
0

PAPI Vectorial DP
0
0
0
0
0
0
0
0
0
0
0
0
0
0
0
0
0
0
0
0
0
0
0
0
0
0
0
0
0
0
0
0
0
0
0
0
0
0
0
0
0
0
0
0
0
0
0
0
0
0
0
0
0
0
0
0
0
0
0
0
0
0
0
0
0
0
0
0
0
0
0
0
0
0
0
0
0
0
0
0
0
0
0
0
0
0
0
0
0
0
0
0
0
0
0
0
0
0
0
0

File Read
2.660401e-03

File Write
5.607584e-03

Total Run
1.614162e+01

Total Step
1.000675e-01
5.643353e-02
5.340382e-02
5.335359e-02
5.354843e-02
5.356511e-02
5.341540e-02
5.345433e-02
5.349997e-02
5.335404e-02
5.341123e-02
5.343456e-02
5.354179e-02
5.346897e-02
5.344751e-02
5.350896e-02
5.350985e-02
5.353744e-02
5.347592e-02
5.342807e-02
5.346449e-02
5.354671e-02
5.344727e-02
5.352398e-02
5.351826e-02
5.345450e-02
5.345167e-02
5.348888e-02
5.341347e-02
5.355314e-02
5.343016e-02
5.356324e-02
5.351664e-02
5.348555e-02
5.347176e-02
5.354921e-02
5.347960e-02
5.360625e-02
5.341204e-02
5.348030e-02
5.350521e-02
5.370236e-02
5.351121e-02
5.351368e-02
5.350923e-02
5.341206e-02
5.354256e-02
5.351969e-02
5.361401e-02
5.347734e-02
5.360001e-02
5.353766e-02
5.353109e-02
5.346759e-02
5.360797e-02
5.948067e-02
5.320829e-02
5.330685e-02
5.334950e-02
5.336933e-02
5.339528e-02
5.339044e-02
5.341973e-02
5.352930e-02
5.339992e-02
5.340847e-02
5.342956e-02
5.337824e-02
5.343792e-02
5.346350e-02
5.339034e-02
5.345522e-02
5.342081e-02
5.340885e-02
5.327650e-02
5.343684e-02
5.344368e-02
5.339961e-02
5.345824e-02
5.340307e-02
5.335518e-02
5.344834e-02
5.336274e-02
5.344826e-02
5.341468e-02
5.344008e-02
5.346488e-02
5.345341e-02
5.335679e-02
5.346141e-02
5.354001e-02
5.343857e-02
5.343061e-02
5.342819e-02
5.344881e-02
5.337812e-02
5.343871e-02
5.355298e-02
5.346217e-02
5.341503e-02

First Drift
1.570415e-04
9.526033e-05
9.204075e-05
9.258091e-05
9.253062e-05
9.156018e-05
9.220093e-05
9.320118e-05
9.268988e-05
9.158067e-05
9.158067e-05
9.250082e-05
9.817164e-05
9.361096e-05
1.009898e-04
9.472016e-05
9.123981e-05
9.306986e-05
9.766035e-05
9.370130e-05
9.305123e-05
9.279978e-05
9.161979e-05
9.090081e-05
9.184144e-05
9.118114e-05
9.113085e-05
9.237975e-05
9.186100e-05
9.153131e-05
9.296183e-05
9.147171e-05
9.189080e-05
9.092037e-05
9.183120e-05
9.128079e-05
9.135995e-05
9.281095e-05
9.343121e-05
9.040069e-05
9.263121e-05
9.160116e-05
9.825081e-05
9.276066e-05
9.838119e-05
9.402167e-05
9.231083e-05
9.365939e-05
9.823963e-05
9.335112e-05
9.302143e-05
9.278022e-05
9.217020e-05
9.102095e-05
9.205099e-05
9.065121e-05
9.228941e-05
9.361096e-05
9.333063e-05
9.360164e-05
9.236112e-05
9.222142e-05
9.433087e-05
9.188056e-05
9.283144e-05
9.393133e-05
9.324029e-05
9.435136e-05
9.404961e-05
9.406079e-05
9.236019e-05
9.191036e-05
9.375997e-05
9.805150e-05
9.087939e-05
9.404030e-05
9.271130e-05
9.471085e-05
9.878166e-05
9.356998e-05
9.187032e-05
9.467080e-05
9.222981e-05
9.880122e-05
9.628944e-05
9.291153e-05
9.477977e-05
9.384099e-05
9.276066e-05
9.180047e-05
9.422936e-05
9.453949e-05
9.354949e-05
9.233970e-05
9.036064e-05
9.220093e-05
9.383168e-05
9.329990e-05
9.358115e-05
9.465031e-05

Compute Force
9.555060e-02
5.288840e-02
4.990323e-02
4.995012e-02
5.005516e-02
5.002732e-02
4.992183e-02
4.994196e-02
4.999783e-02
4.990392e-02
4.997792e-02
4.995369e-02
5.003217e-02
4.997616e-02
4.998143e-02
5.001041e-02
5.000120e-02
5.004254e-02
4.997820e-02
4.994487e-02
5.000602e-02
5.004339e-02
4.997046e-02
5.003720e-02
4.996475e-02
4.996076e-02
5.001471e-02
4.998396e-02
4.996619e-02
5.003582e-02
4.992419e-02
5.001086e-02
5.000358e-02
5.002355e-02
4.997279e-02
4.998126e-02
4.993937e-02
5.003436e-02
4.996182e-02
4.995518e-02
4.999760e-02
5.010223e-02
4.995551e-02
4.997358e-02
4.999677e-02
4.997258e-02
4.995738e-02
5.006462e-02
5.006371e-02
4.993884e-02
5.000417e-02
5.001178e-02
4.999681e-02
4.994832e-02
5.002741e-02
5.530282e-02
4.964882e-02
4.976428e-02
4.982989e-02
4.977628e-02
4.979768e-02
4.976977e-02
4.981473e-02
4.993146e-02
4.978700e-02
4.982872e-02
4.977366e-02
4.985241e-02
4.981895e-02
4.990518e-02
4.982067e-02
4.976210e-02
4.991101e-02
4.980427e-02
4.982028e-02
4.988252e-02
4.977774e-02
4.986237e-02
4.979647e-02
4.981692e-02
4.976683e-02
4.984004e-02
4.988031e-02
4.981119e-02
4.984152e-02
4.983897e-02
4.985819e-02
4.980530e-02
4.980745e-02
4.995077e-02
4.983407e-02
4.983976e-02
4.977733e-02
4.988939e-02
4.982893e-02
4.976206e-02
4.989634e-02
4.995261e-02
4.985089e-02
4.984660e-02

Kick
2.458105e-04
1.461422e-04
1.467606e-04
1.573712e-04
1.432411e-04
1.657708e-04
1.487918e-04
1.470409e-04
1.548706e-04
1.449110e-04
1.456812e-04
1.467913e-04
1.459913e-04
1.457911e-04
1.470409e-04
1.448011e-04
1.572603e-04
1.457511e-04
1.466116e-04
1.481920e-04
1.551108e-04
1.460612e-04
1.563821e-04
1.458405e-04
1.646513e-04
1.547411e-04
1.551909e-04
1.527313e-04
1.453515e-04
1.457501e-04
1.472607e-04
1.458302e-04
1.458805e-04
1.471406e-04
1.447508e-04
1.474302e-04
1.474004e-04
1.458926e-04
1.562815e-04
1.457520e-04
1.464607e-04
1.474703e-04
1.537008e-04
1.457706e-04
1.471015e-04
1.438512e-04
1.572110e-04
1.457706e-04
1.461310e-04
1.490014e-04
1.480812e-04
1.458814e-04
1.477515e-04
1.458712e-04
1.539113e-04
6.487155e-04
1.512608e-04
1.547607e-04
1.492817e-04
1.555309e-04
1.475522e-04
1.453003e-04
1.465008e-04
1.479806e-04
1.459410e-04
1.466321e-04
1.549209e-04
1.439806e-04
1.475206e-04
1.448011e-04
1.456207e-04
1.550326e-04
1.476910e-04
1.544207e-04
1.464114e-04
1.453711e-04
1.621014e-04
1.485609e-04
1.453813e-04
1.526019e-04
1.449110e-04
1.470009e-04
1.477310e-04
1.530927e-04
1.455508e-04
1.476612e-04
1.444509e-04
1.488226e-04
1.453413e-04
1.464114e-04
1.559006e-04
1.461506e-04
1.554610e-04
1.467010e-04
1.456505e-04
1.492016e-04
1.545409e-04
1.424402e-04
1.477310e-04
1.460603e-04

Second Drift
4.070302e-03
3.302426e-03
3.260415e-03
3.152384e-03
3.256706e-03
3.278586e-03
3.251025e-03
3.271036e-03
3.253436e-03
3.212675e-03
3.195135e-03
3.240845e-03
3.264646e-03
3.252305e-03
3.217035e-03
3.258246e-03
3.259085e-03
3.255336e-03
3.252755e-03
3.240354e-03
3.209204e-03
3.263266e-03
3.227636e-03
3.249365e-03
3.295796e-03
3.246545e-03
3.189736e-03
3.258856e-03
3.209345e-03
3.279145e-03
3.264595e-03
3.314366e-03
3.274485e-03
3.222995e-03
3.261656e-03
3.328335e-03
3.300507e-03
3.332226e-03
3.199426e-03
3.288165e-03
3.267125e-03
3.359737e-03
3.302356e-03
3.300495e-03
3.265835e-03
3.200685e-03
3.334636e-03
3.214476e-03
3.304467e-03
3.294806e-03
3.353807e-03
3.286446e-03
3.293386e-03
3.281596e-03
3.333847e-03
3.414608e-03
3.314978e-03
3.293246e-03
3.276247e-03
3.343286e-03
3.356637e-03
3.381797e-03
3.363766e-03
3.357207e-03
3.373368e-03
3.338146e-03
3.406907e-03
3.286916e-03
3.376187e-03
3.318686e-03
3.331196e-03
3.445587e-03
3.254376e-03
3.351057e-03
3.218166e-03
3.314177e-03
3.410167e-03
3.293286e-03
3.416766e-03
3.339326e-03
3.350806e-03
3.365746e-03
3.241645e-03
3.384407e-03
3.330386e-03
3.359607e-03
3.366576e-03
3.404146e-03
3.310356e-03
3.271436e-03
3.455097e-03
3.357217e-03
3.403477e-03
3.299096e-03
3.383196e-03
3.373566e-03
3.293237e-03
3.364027e-03
3.369147e-03
3.326496e-03

--- Configuration ---
nsteps: 100
dt: 1.000000e-04
eps: 5.000000e-02
G: 1.000000e+00
mass: 1.000000e+00
energy_every: 100
energy_tol: 1.000000e-03
kernel_choice: ort
kinetic0: 1.469728e+09
potential0: -2.934067e+09
max_relative_error: 7.003164e-05
PAPI Cycles
0
0
0
0
0
0
0
0
0
0
0
0
0
0
0
0
0
0
0
0
0
0
0
0
0
0
0
0
0
0
0
0
0
0
0
0
0
0
0
0
0
0
0
0
0
0
0
0
0
0
0
0
0
0
0
0
0
0
0
0
0
0
0
0
0
0
0
0
0
0
0
0
0
0
0
0
0
0
0
0
0
0
0
0
0
0
0
0
0
0
0
0
0
0
0
0
0
0
0
0

PAPI Instructions
0
0
0
0
0
0
0
0
0
0
0
0
0
0
0
0
0
0
0
0
0
0
0
0
0
0
0
0
0
0
0
0
0
0
0
0
0
0
0
0
0
0
0
0
0
0
0
0
0
0
0
0
0
0
0
0
0
0
0
0
0
0
0
0
0
0
0
0
0
0
0
0
0
0
0
0
0
0
0
0
0
0
0
0
0
0
0
0
0
0
0
0
0
0
0
0
0
0
0
0

PAPI L1 Misses
0
0
0
0
0
0
0
0
0
0
0
0
0
0
0
0
0
0
0
0
0
0
0
0
0
0
0
0
0
0
0
0
0
0
0
0
0
0
0
0
0
0
0
0
0
0
0
0
0
0
0
0
0
0
0
0
0
0
0
0
0
0
0
0
0
0
0
0
0
0
0
0
0
0
0
0
0
0
0
0
0
0
0
0
0
0
0
0
0
0
0
0
0
0
0
0
0
0
0
0

PAPI L2 Misses
0
0
0
0
0
0
0
0
0
0
0
0
0
0
0
0
0
0
0
0
0
0
0
0
0
0
0
0
0
0
0
0
0
0
0
0
0
0
0
0
0
0
0
0
0
0
0
0
0
0
0
0
0
0
0
0
0
0
0
0
0
0
0
0
0
0
0
0
0
0
0
0
0
0
0
0
0
0
0
0
0
0
0
0
0
0
0
0
0
0
0
0
0
0
0
0
0
0
0
0

PAPI Vectorial DP
0
0
0
0
0
0
0
0
0
0
0
0
0
0
0
0
0
0
0
0
0
0
0
0
0
0
0
0
0
0
0
0
0
0
0
0
0
0
0
0
0
0
0
0
0
0
0
0
0
0
0
0
0
0
0
0
0
0
0
0
0
0
0
0
0
0
0
0
0
0
0
0
0
0
0
0
0
0
0
0
0
0
0
0
0
0
0
0
0
0
0
0
0
0
0
0
0
0
0
0

File Read
2.692561e-03

File Write
5.894857e-03

Total Run
1.613719e+01

Total Step
1.001352e-01
5.672896e-02
5.346677e-02
5.345435e-02
5.345487e-02
5.340286e-02
5.350061e-02
5.347259e-02
5.345236e-02
5.343006e-02
5.349983e-02
5.347904e-02
5.352020e-02
5.348609e-02
5.348727e-02
5.359008e-02
5.350772e-02
5.353340e-02
5.351372e-02
5.344916e-02
5.358631e-02
5.345025e-02
5.355576e-02
5.360684e-02
5.359721e-02
5.353284e-02
5.355424e-02
5.340608e-02
5.356890e-02
5.347551e-02
5.352091e-02
5.354504e-02
5.354751e-02
5.357310e-02
5.352289e-02
5.356421e-02
5.352885e-02
5.356433e-02
5.350247e-02
5.357561e-02
5.354418e-02
5.344413e-02
5.364433e-02
5.352988e-02
5.364060e-02
5.373534e-02
5.361270e-02
5.370799e-02
5.355568e-02
5.351395e-02
5.368083e-02
5.347246e-02
5.355825e-02
5.359019e-02
5.361418e-02
5.652322e-02
5.321493e-02
5.324158e-02
5.327204e-02
5.320388e-02
5.325816e-02
5.331808e-02
5.327592e-02
5.338240e-02
5.328568e-02
5.327225e-02
5.332993e-02
5.335921e-02
5.321870e-02
5.324834e-02
5.328923e-02
5.337919e-02
5.365410e-02
5.331138e-02
5.329100e-02
5.337861e-02
5.346106e-02
5.342496e-02
5.335245e-02
5.333821e-02
5.338691e-02
5.328990e-02
5.324427e-02
5.335107e-02
5.333672e-02
5.344854e-02
5.341159e-02
5.339408e-02
5.339810e-02
5.331577e-02
5.338897e-02
5.342874e-02
5.319192e-02
5.926361e-02
5.331816e-02
5.351708e-02
5.352060e-02
5.358429e-02
5.346036e-02
5.352333e-02

First Drift
1.435513e-04
9.587035e-05
9.322166e-05
9.285100e-05
9.064097e-05
9.301119e-05
9.103026e-05
9.213015e-05
9.168033e-05
9.199977e-05
9.348989e-05
9.635091e-05
9.422004e-05
9.574089e-05
9.415019e-05
9.595137e-05
9.339117e-05
9.119976e-05
9.152107e-05
9.131152e-05
9.127986e-05
9.134039e-05
9.151082e-05
9.204075e-05
9.052083e-05
9.453110e-05
9.127054e-05
9.224098e-05
9.129103e-05
9.085983e-05
9.307172e-05
9.133108e-05
1.070509e-04
9.302143e-05
9.067077e-05
9.241980e-05
9.135995e-05
9.205099e-05
9.190012e-05
9.164121e-05
9.150989e-05
9.143166e-05
9.304099e-05
9.723008e-05
9.262096e-05
9.304099e-05
9.235088e-05
9.169988e-05
9.264052e-05
9.215064e-05
9.195972e-05
1.034811e-04
9.163097e-05
9.760074e-05
9.184144e-05
9.440072e-05
9.366032e-05
1.088204e-04
9.228941e-05
9.403098e-05
9.404123e-05
9.217020e-05
9.455066e-05
9.355973e-05
9.199139e-05
9.112991e-05
9.586103e-05
9.234995e-05
9.394065e-05
9.113085e-05
9.252038e-05
9.349082e-05
9.408034e-05
9.357091e-05
9.248126e-05
9.313133e-05
9.487104e-05
9.191036e-05
9.356160e-05
9.529106e-05
9.343121e-05
9.336136e-05
9.279046e-05
9.237137e-05
9.124074e-05
9.752065e-05
9.333156e-05
9.915978e-05
9.249151e-05
9.255018e-05
9.414088e-05
9.269081e-05
9.374134e-05
9.184144e-05
9.386986e-05
9.240955e-05
9.489059e-05
9.416975e-05
9.487104e-05
9.248126e-05

Compute Force
9.555216e-02
5.312623e-02
4.994712e-02
4.999098e-02
4.991178e-02
4.993600e-02
4.993851e-02
4.992410e-02
4.996451e-02
4.994921e-02
4.997859e-02
4.994520e-02
4.999347e-02
4.996815e-02
4.999630e-02
5.001830e-02
5.002848e-02
4.996816e-02
4.997370e-02
4.996722e-02
5.003901e-02
5.002214e-02
5.001904e-02
5.006706e-02
5.003090e-02
5.004690e-02
5.003912e-02
5.005623e-02
5.001289e-02
5.000603e-02
5.003472e-02
5.000636e-02
5.003357e-02
5.002237e-02
4.999381e-02
5.008113e-02
5.000356e-02
4.999381e-02
5.003719e-02
5.000301e-02
5.003540e-02
4.999661e-02
5.005191e-02
5.002536e-02
5.004811e-02
5.012933e-02
5.009398e-02
5.009500e-02
4.996475e-02
5.006345e-02
5.007863e-02
4.998479e-02
4.998447e-02
5.001904e-02
5.005137e-02
5.209300e-02
4.958249e-02
4.969822e-02
4.970326e-02
4.965141e-02
4.965665e-02
4.970690e-02
4.972843e-02
4.975803e-02
4.976356e-02
4.970402e-02
4.969158e-02
4.972285e-02
4.979017e-02
4.971699e-02
4.970804e-02
4.976560e-02
4.984795e-02
4.976526e-02
4.974266e-02
4.973083e-02
4.989580e-02
4.983599e-02
4.972738e-02
4.978578e-02
4.973342e-02
4.969583e-02
4.979474e-02
4.977801e-02
4.973267e-02
4.988753e-02
4.977826e-02
4.983144e-02
4.976771e-02
4.972327e-02
4.979555e-02
4.978076e-02
4.972362e-02
5.577399e-02
4.974770e-02
4.995469e-02
4.997588e-02
4.996825e-02
4.995483e-02
4.992588e-02

Kick
2.453616e-04
1.493515e-04
1.553120e-04
1.475625e-04
1.447909e-04
1.437012e-04
1.564324e-04
1.457725e-04
1.471611e-04
1.512012e-04
1.473110e-04
1.477702e-04
1.490414e-04
1.451811e-04
1.486214e-04
1.506610e-04
1.482209e-04
1.543406e-04
1.437711e-04
1.474209e-04
1.493813e-04
1.462214e-04
1.487508e-04
1.494111e-04
1.523513e-04
1.509907e-04
1.460128e-04
1.466423e-04
1.660613e-04
1.502605e-04
1.472607e-04
1.492212e-04
1.448924e-04
1.461804e-04
1.456514e-04
1.429515e-04
1.564706e-04
1.457902e-04
1.486111e-04
1.482824e-04
1.449408e-04
1.526615e-04
1.489809e-04
1.447005e-04
1.496207e-04
1.521213e-04
1.459317e-04
1.621917e-04
1.450609e-04
1.551313e-04
1.493003e-04
1.458414e-04
1.479518e-04
1.482610e-04
1.447005e-04
6.980849e-04
1.529306e-04
1.470121e-04
1.696413e-04
1.443308e-04
1.455024e-04
1.485320e-04
1.458405e-04
1.471415e-04
1.496607e-04
1.538508e-04
1.493013e-04
1.476509e-04
1.531309e-04
1.498628e-04
1.448924e-04
1.448011e-04
1.483411e-04
1.444304e-04
1.490908e-04
1.527406e-04
1.521511e-04
1.641018e-04
1.460314e-04
1.480607e-04
1.507513e-04
1.470912e-04
1.471005e-04
1.487816e-04
1.423825e-04
1.488710e-04
1.463313e-04
1.530806e-04
1.494214e-04
1.447210e-04
1.792815e-04
1.462614e-04
1.438027e-04
1.629805e-04
1.518512e-04
1.461916e-04
1.509208e-04
1.524417e-04
1.475802e-04
1.548305e-04

Second Drift
4.135163e-03
3.356696e-03
3.270385e-03
3.221964e-03
3.306766e-03
3.229206e-03
3.313975e-03
3.309936e-03
3.248337e-03
3.236426e-03
3.279965e-03
3.289056e-03
3.282926e-03
3.275926e-03
3.247745e-03
3.324357e-03
3.236705e-03
3.318937e-03
3.303897e-03
3.242056e-03
3.305566e-03
3.189315e-03
3.295526e-03
3.297237e-03
3.322546e-03
3.239696e-03
3.277106e-03
3.109983e-03
3.297546e-03
3.227686e-03
3.245096e-03
3.297206e-03
3.260905e-03
3.310496e-03
3.291696e-03
3.246656e-03
3.276536e-03
3.331807e-03
3.223726e-03
3.331706e-03
3.271487e-03
3.202875e-03
3.349826e-03
3.261786e-03
3.349256e-03
3.359756e-03
3.279706e-03
3.358266e-03
3.352366e-03
3.202576e-03
3.360036e-03
3.237626e-03
3.333076e-03
3.324507e-03
3.325456e-03
3.576478e-03
3.385177e-03
3.287005e-03
3.306196e-03
3.313556e-03
3.361315e-03
3.369736e-03
3.306266e-03
3.382667e-03
3.279627e-03
3.322506e-03
3.392408e-03
3.395637e-03
3.180455e-03
3.289126e-03
3.343048e-03
3.374405e-03
3.548997e-03
3.307276e-03
3.305786e-03
3.401207e-03
3.317256e-03
3.331936e-03
3.384717e-03
3.308026e-03
3.408547e-03
3.352927e-03
3.208785e-03
3.331115e-03
3.369806e-03
3.314006e-03
3.392956e-03
3.309365e-03
3.387487e-03
3.354397e-03
3.319026e-03
3.408086e-03
3.229885e-03
3.233656e-03
3.324097e-03
3.323006e-03
3.298087e-03
3.368506e-03
3.261805e-03
3.349207e-03

--- Configuration ---
nsteps: 100
dt: 1.000000e-04
eps: 5.000000e-02
G: 1.000000e+00
mass: 1.000000e+00
energy_every: 100
energy_tol: 1.000000e-03
kernel_choice: ort
kinetic0: 1.469728e+09
potential0: -2.934067e+09
max_relative_error: 7.003164e-05
PAPI Cycles
0
0
0
0
0
0
0
0
0
0
0
0
0
0
0
0
0
0
0
0
0
0
0
0
0
0
0
0
0
0
0
0
0
0
0
0
0
0
0
0
0
0
0
0
0
0
0
0
0
0
0
0
0
0
0
0
0
0
0
0
0
0
0
0
0
0
0
0
0
0
0
0
0
0
0
0
0
0
0
0
0
0
0
0
0
0
0
0
0
0
0
0
0
0
0
0
0
0
0
0

PAPI Instructions
0
0
0
0
0
0
0
0
0
0
0
0
0
0
0
0
0
0
0
0
0
0
0
0
0
0
0
0
0
0
0
0
0
0
0
0
0
0
0
0
0
0
0
0
0
0
0
0
0
0
0
0
0
0
0
0
0
0
0
0
0
0
0
0
0
0
0
0
0
0
0
0
0
0
0
0
0
0
0
0
0
0
0
0
0
0
0
0
0
0
0
0
0
0
0
0
0
0
0
0

PAPI L1 Misses
0
0
0
0
0
0
0
0
0
0
0
0
0
0
0
0
0
0
0
0
0
0
0
0
0
0
0
0
0
0
0
0
0
0
0
0
0
0
0
0
0
0
0
0
0
0
0
0
0
0
0
0
0
0
0
0
0
0
0
0
0
0
0
0
0
0
0
0
0
0
0
0
0
0
0
0
0
0
0
0
0
0
0
0
0
0
0
0
0
0
0
0
0
0
0
0
0
0
0
0

PAPI L2 Misses
0
0
0
0
0
0
0
0
0
0
0
0
0
0
0
0
0
0
0
0
0
0
0
0
0
0
0
0
0
0
0
0
0
0
0
0
0
0
0
0
0
0
0
0
0
0
0
0
0
0
0
0
0
0
0
0
0
0
0
0
0
0
0
0
0
0
0
0
0
0
0
0
0
0
0
0
0
0
0
0
0
0
0
0
0
0
0
0
0
0
0
0
0
0
0
0
0
0
0
0

PAPI Vectorial DP
0
0
0
0
0
0
0
0
0
0
0
0
0
0
0
0
0
0
0
0
0
0
0
0
0
0
0
0
0
0
0
0
0
0
0
0
0
0
0
0
0
0
0
0
0
0
0
0
0
0
0
0
0
0
0
0
0
0
0
0
0
0
0
0
0
0
0
0
0
0
0
0
0
0
0
0
0
0
0
0
0
0
0
0
0
0
0
0
0
0
0
0
0
0
0
0
0
0
0
0

File Read
2.651341e-03

File Write
6.454311e-03

Total Run
1.613921e+01

Total Step
1.003851e-01
5.644751e-02
5.351020e-02
5.367483e-02
5.361193e-02
5.354513e-02
5.360679e-02
5.355987e-02
5.352365e-02
5.351839e-02
5.353377e-02
5.346168e-02
5.346087e-02
5.354305e-02
5.352926e-02
5.352987e-02
5.356350e-02
5.367394e-02
5.363020e-02
5.348824e-02
5.349225e-02
5.353812e-02
5.353495e-02
5.347257e-02
5.352386e-02
5.356128e-02
5.363124e-02
5.354020e-02
5.350897e-02
5.351508e-02
5.356722e-02
5.345013e-02
5.355361e-02
5.353063e-02
5.362594e-02
5.358301e-02
5.364139e-02
5.365822e-02
5.353583e-02
5.360061e-02
5.358070e-02
5.358650e-02
5.362993e-02
5.362002e-02
5.360671e-02
5.357396e-02
5.356895e-02
5.355592e-02
5.369311e-02
5.362244e-02
5.360648e-02
5.359037e-02
5.369255e-02
5.351837e-02
5.363424e-02
5.685283e-02
5.318990e-02
5.322480e-02
5.327470e-02
5.329283e-02
5.320931e-02
5.320270e-02
5.335475e-02
5.347045e-02
5.315691e-02
5.338081e-02
5.337101e-02
5.327100e-02
5.330543e-02
5.340542e-02
5.345929e-02
5.343733e-02
5.333785e-02
5.338550e-02
5.331616e-02
5.333498e-02
5.335018e-02
5.336047e-02
5.334934e-02
5.334629e-02
5.344091e-02
5.340874e-02
5.333632e-02
5.334527e-02
5.340815e-02
5.340269e-02
5.336744e-02
5.331296e-02
5.335329e-02
5.341960e-02
5.342853e-02
5.331615e-02
5.342955e-02
5.931440e-02
5.405294e-02
5.353597e-02
5.360775e-02
5.350724e-02
5.344782e-02
5.358538e-02

First Drift
1.478810e-04
9.383168e-05
9.237975e-05
9.391923e-05
9.902101e-05
9.208173e-05
9.133108e-05
9.268150e-05
9.223074e-05
9.250082e-05
9.217951e-05
9.097997e-05
9.271037e-05
9.167101e-05
9.339955e-05
9.171106e-05
9.308942e-05
9.815022e-05
9.115040e-05
9.158067e-05
9.057019e-05
9.115040e-05
9.163935e-05
9.013154e-05
9.080023e-05
9.117089e-05
9.178091e-05
9.176042e-05
9.048078e-05
9.193085e-05
9.043049e-05
9.245984e-05
9.164121e-05
9.141117e-05
9.169988e-05
9.324029e-05
9.367056e-05
1.060907e-04
9.330083e-05
9.184051e-05
9.155087e-05
9.260140e-05
9.891111e-05
9.318162e-05
9.359140e-05
9.067077e-05
9.205099e-05
9.803101e-05
9.223074e-05
9.144098e-05
9.216089e-05
9.228103e-05
9.261072e-05
9.339117e-05
9.114109e-05
9.361189e-05
9.191129e-05
9.898096e-05
9.242073e-05
9.421073e-05
9.404123e-05
9.773113e-05
9.218976e-05
9.459071e-05
9.974092e-05
9.400118e-05
9.240955e-05
9.259116e-05
9.418931e-05
9.290036e-05
9.353086e-05
9.145029e-05
9.590108e-05
9.325147e-05
9.325985e-05
9.134971e-05
9.149127e-05
9.256043e-05
9.472948e-05
9.343028e-05
9.144004e-05
1.021614e-04
9.457115e-05
9.316113e-05
9.352062e-05
9.528920e-05
9.274110e-05
9.355042e-05
9.292085e-05
9.474065e-05
9.206962e-05
9.344984e-05
9.428151e-05
9.450037e-05
9.625126e-05
9.411108e-05
9.512156e-05
9.726174e-05
9.387080e-05
9.770133e-05

Compute Force
9.580314e-02
5.293469e-02
4.998499e-02
5.011450e-02
5.007274e-02
5.004213e-02
5.007603e-02
5.003021e-02
5.004713e-02
4.997671e-02
5.000356e-02
5.001668e-02
4.999334e-02
5.003389e-02
5.000290e-02
5.001156e-02
5.002354e-02
5.011940e-02
5.010302e-02
5.000952e-02
4.999977e-02
5.001831e-02
5.001138e-02
4.999857e-02
5.003702e-02
5.003805e-02
5.005106e-02
5.003123e-02
4.998632e-02
4.995632e-02
5.001177e-02
4.999860e-02
5.002416e-02
5.002887e-02
5.011684e-02
5.005217e-02
5.007194e-02
5.009902e-02
5.002034e-02
5.006128e-02
5.000789e-02
5.004286e-02
5.009636e-02
5.003393e-02
5.004613e-02
5.001641e-02
5.007816e-02
5.004262e-02
5.009794e-02
5.009345e-02
5.000167e-02
5.002204e-02
5.011434e-02
4.997212e-02
5.003270e-02
5.251197e-02
4.962179e-02
4.958302e-02
4.960786e-02
4.974811e-02
4.968036e-02
4.959264e-02
4.970646e-02
4.990202e-02
4.958672e-02
4.972859e-02
4.978737e-02
4.963378e-02
4.969766e-02
4.986413e-02
4.983903e-02
4.984513e-02
4.973915e-02
4.978769e-02
4.978416e-02
4.971342e-02
4.970309e-02
4.976109e-02
4.971325e-02
4.974402e-02
4.988034e-02
4.974973e-02
4.984278e-02
4.974061e-02
4.977944e-02
4.979031e-02
4.969028e-02
4.975582e-02
4.983144e-02
4.974662e-02
4.986270e-02
4.970596e-02
4.977647e-02
5.577680e-02
5.048300e-02
4.994159e-02
5.000931e-02
4.992873e-02
4.995759e-02
4.999072e-02

Kick
2.537016e-04
1.482107e-04
1.462707e-04
1.470605e-04
1.460118e-04
1.484705e-04
1.460919e-04
1.487806e-04
1.519015e-04
1.734914e-04
1.533013e-04
1.543416e-04
1.468612e-04
1.578713e-04
1.465511e-04
1.574010e-04
1.492202e-04
1.457110e-04
1.497325e-04
1.488412e-04
1.470214e-04
1.481408e-04
1.552012e-04
1.464318e-04
1.587514e-04
1.545502e-04
1.582410e-04
1.537008e-04
1.447704e-04
1.492519e-04
1.522815e-04
1.467606e-04
1.474610e-04
1.467811e-04
1.488607e-04
1.577614e-04
1.547607e-04
1.475224e-04
1.538610e-04
1.456412e-04
1.632813e-04
1.468305e-04
1.448914e-04
1.487806e-04
1.470605e-04
1.560105e-04
1.485813e-04
1.458907e-04
1.481110e-04
1.479005e-04
1.596417e-04
1.480114e-04
1.463108e-04
1.473203e-04
1.485106e-04
6.532148e-04
1.472924e-04
1.484910e-04
1.469813e-04
1.491113e-04
1.494912e-04
1.473418e-04
1.585009e-04
1.468612e-04
1.470810e-04
1.603812e-04
1.455517e-04
1.472216e-04
1.560412e-04
1.460509e-04
1.491318e-04
1.487406e-04
1.461515e-04
1.561614e-04
1.469608e-04
1.470912e-04
1.589609e-04
1.467308e-04
1.491914e-04
1.496915e-04
1.474516e-04
1.491411e-04
1.453627e-04
1.470726e-04
1.560505e-04
1.465911e-04
1.465511e-04
1.506610e-04
1.458218e-04
1.490209e-04
1.485916e-04
1.485115e-04
1.555216e-04
1.588315e-04
1.481418e-04
1.568319e-04
1.473511e-04
1.477310e-04
1.495713e-04
1.505315e-04

Second Drift
4.120812e-03
3.269535e-03
3.285146e-03
3.318396e-03
3.292806e-03
3.261357e-03
3.292066e-03
3.287186e-03
3.231035e-03
3.274716e-03
3.283657e-03
3.198495e-03
3.226935e-03
3.257725e-03
3.285656e-03
3.268296e-03
3.296537e-03
3.307876e-03
3.285335e-03
3.237146e-03
3.253936e-03
3.279626e-03
3.275646e-03
3.236734e-03
3.235846e-03
3.276496e-03
3.328966e-03
3.262106e-03
3.286267e-03
3.316406e-03
3.311606e-03
3.211255e-03
3.289556e-03
3.262246e-03
3.267545e-03
3.278466e-03
3.319336e-03
3.304415e-03
3.267196e-03
3.300756e-03
3.316886e-03
3.303226e-03
3.288746e-03
3.342846e-03
3.318696e-03
3.309846e-03
3.249105e-03
3.268125e-03
3.353596e-03
3.288406e-03
3.351907e-03
3.326886e-03
3.338557e-03
3.304136e-03
3.360816e-03
3.567478e-03
3.327627e-03
3.392978e-03
3.426377e-03
3.300467e-03
3.284317e-03
3.363937e-03
3.396178e-03
3.326096e-03
3.322196e-03
3.396697e-03
3.344646e-03
3.396379e-03
3.356346e-03
3.301514e-03
3.376308e-03
3.350996e-03
3.342786e-03
3.347197e-03
3.290417e-03
3.381746e-03
3.395568e-03
3.358947e-03
3.391097e-03
3.350437e-03
3.320627e-03
3.406237e-03
3.252276e-03
3.363237e-03
3.378087e-03
3.369357e-03
3.436468e-03
3.312025e-03
3.282276e-03
3.428177e-03
3.324267e-03
3.366627e-03
3.402117e-03
3.260395e-03
3.324006e-03
3.342276e-03
3.354976e-03
3.332307e-03
3.245795e-03
3.345586e-03

--- Configuration ---
nsteps: 100
dt: 1.000000e-04
eps: 5.000000e-02
G: 1.000000e+00
mass: 1.000000e+00
energy_every: 100
energy_tol: 1.000000e-03
kernel_choice: ort
kinetic0: 1.469728e+09
potential0: -2.934067e+09
max_relative_error: 7.003164e-05
PAPI Cycles
0
0
0
0
0
0
0
0
0
0
0
0
0
0
0
0
0
0
0
0
0
0
0
0
0
0
0
0
0
0
0
0
0
0
0
0
0
0
0
0
0
0
0
0
0
0
0
0
0
0
0
0
0
0
0
0
0
0
0
0
0
0
0
0
0
0
0
0
0
0
0
0
0
0
0
0
0
0
0
0
0
0
0
0
0
0
0
0
0
0
0
0
0
0
0
0
0
0
0
0

PAPI Instructions
0
0
0
0
0
0
0
0
0
0
0
0
0
0
0
0
0
0
0
0
0
0
0
0
0
0
0
0
0
0
0
0
0
0
0
0
0
0
0
0
0
0
0
0
0
0
0
0
0
0
0
0
0
0
0
0
0
0
0
0
0
0
0
0
0
0
0
0
0
0
0
0
0
0
0
0
0
0
0
0
0
0
0
0
0
0
0
0
0
0
0
0
0
0
0
0
0
0
0
0

PAPI L1 Misses
0
0
0
0
0
0
0
0
0
0
0
0
0
0
0
0
0
0
0
0
0
0
0
0
0
0
0
0
0
0
0
0
0
0
0
0
0
0
0
0
0
0
0
0
0
0
0
0
0
0
0
0
0
0
0
0
0
0
0
0
0
0
0
0
0
0
0
0
0
0
0
0
0
0
0
0
0
0
0
0
0
0
0
0
0
0
0
0
0
0
0
0
0
0
0
0
0
0
0
0

PAPI L2 Misses
0
0
0
0
0
0
0
0
0
0
0
0
0
0
0
0
0
0
0
0
0
0
0
0
0
0
0
0
0
0
0
0
0
0
0
0
0
0
0
0
0
0
0
0
0
0
0
0
0
0
0
0
0
0
0
0
0
0
0
0
0
0
0
0
0
0
0
0
0
0
0
0
0
0
0
0
0
0
0
0
0
0
0
0
0
0
0
0
0
0
0
0
0
0
0
0
0
0
0
0

PAPI Vectorial DP
0
0
0
0
0
0
0
0
0
0
0
0
0
0
0
0
0
0
0
0
0
0
0
0
0
0
0
0
0
0
0
0
0
0
0
0
0
0
0
0
0
0
0
0
0
0
0
0
0
0
0
0
0
0
0
0
0
0
0
0
0
0
0
0
0
0
0
0
0
0
0
0
0
0
0
0
0
0
0
0
0
0
0
0
0
0
0
0
0
0
0
0
0
0
0
0
0
0
0
0

File Read
2.774552e-03

File Write
5.126211e-03

Total Run
1.614021e+01

Total Step
1.001158e-01
5.636233e-02
5.356121e-02
5.357660e-02
5.359326e-02
5.361124e-02
5.357881e-02
5.360906e-02
5.356077e-02
5.365474e-02
5.367138e-02
5.356644e-02
5.363711e-02
5.354651e-02
5.364573e-02
5.373591e-02
5.356997e-02
5.364684e-02
5.373036e-02
5.356886e-02
5.367253e-02
5.377773e-02
5.357351e-02
5.360628e-02
5.369767e-02
5.366433e-02
5.366403e-02
5.369624e-02
5.372826e-02
5.366034e-02
5.369213e-02
5.362113e-02
5.366942e-02
5.367568e-02
5.358049e-02
5.365053e-02
5.371940e-02
5.359770e-02
5.363695e-02
5.367928e-02
5.373279e-02
5.366112e-02
5.376063e-02
5.367576e-02
5.366514e-02
5.371324e-02
5.371561e-02
5.364336e-02
5.369127e-02
5.371357e-02
5.369106e-02
5.383420e-02
5.369499e-02
5.372141e-02
5.371519e-02
5.718789e-02
5.313197e-02
5.349165e-02
5.338955e-02
5.347369e-02
5.351385e-02
5.347759e-02
5.351123e-02
5.363163e-02
5.354978e-02
5.355708e-02
5.349334e-02
5.360459e-02
5.357620e-02
5.355983e-02
5.355862e-02
5.348713e-02
5.354184e-02
5.354369e-02
5.356830e-02
5.361484e-02
5.360687e-02
5.347488e-02
5.358642e-02
5.350012e-02
5.358803e-02
5.357317e-02
5.348363e-02
5.357216e-02
5.362503e-02
5.356094e-02
5.367071e-02
5.358292e-02
5.356211e-02
5.358864e-02
5.346893e-02
5.372107e-02
6.936029e-02
5.597786e-02
5.406503e-02
5.398334e-02
5.391585e-02
5.392910e-02
5.381538e-02
5.394622e-02

First Drift
1.537306e-04
1.118807e-04
1.045214e-04
1.011500e-04
1.017116e-04
1.033796e-04
1.030099e-04
1.036813e-04
1.008818e-04
1.035305e-04
1.032213e-04
1.023915e-04
1.029205e-04
1.038210e-04
1.025014e-04
1.042709e-04
1.017200e-04
1.020795e-04
1.033209e-04
1.026215e-04
1.017312e-04
1.018206e-04
1.023505e-04
1.024697e-04
1.027416e-04
1.035901e-04
1.032408e-04
1.030406e-04
1.028311e-04
1.028599e-04
1.016809e-04
1.007710e-04
1.029307e-04
1.014713e-04
1.004711e-04
1.013912e-04
1.019696e-04
1.023207e-04
1.017908e-04
1.022611e-04
1.096809e-04
1.034997e-04
1.019314e-04
1.017796e-04
1.024110e-04
1.021614e-04
1.000697e-04
1.064092e-04
1.012916e-04
1.019118e-04
1.097610e-04
1.029493e-04
1.029605e-04
1.006704e-04
1.218803e-04
1.030006e-04
1.060599e-04
1.104912e-04
1.024110e-04
1.047095e-04
1.060907e-04
1.011807e-04
1.036208e-04
1.030816e-04
1.042001e-04
1.122905e-04
1.033312e-04
1.052208e-04
1.015514e-04
1.030909e-04
1.025712e-04
1.039105e-04
1.046099e-04
1.047105e-04
1.098514e-04
1.053205e-04
1.059910e-04
1.037009e-04
1.050597e-04
1.035808e-04
1.051407e-04
1.029214e-04
1.011603e-04
1.098113e-04
1.050700e-04
1.060711e-04
1.044106e-04
1.046611e-04
1.092516e-04
1.039803e-04
1.037708e-04
1.042010e-04
1.058308e-04
1.091911e-04
1.057107e-04
1.037903e-04
1.030909e-04
1.033517e-04
1.015915e-04
1.039607e-04

Compute Force
9.551929e-02
5.274596e-02
4.999622e-02
5.005385e-02
5.000926e-02
5.007317e-02
5.003725e-02
5.004280e-02
5.003630e-02
5.007166e-02
5.012436e-02
5.007324e-02
5.012558e-02
5.004072e-02
5.008187e-02
5.020138e-02
5.007758e-02
5.008293e-02
5.018144e-02
5.009370e-02
5.015676e-02
5.018718e-02
5.008588e-02
5.007336e-02
5.012306e-02
5.009799e-02
5.008120e-02
5.015645e-02
5.012647e-02
5.011192e-02
5.013097e-02
5.009477e-02
5.009875e-02
5.013277e-02
5.006390e-02
5.007720e-02
5.013074e-02
5.011076e-02
5.011962e-02
5.014710e-02
5.012033e-02
5.007609e-02
5.016536e-02
5.010375e-02
5.006367e-02
5.013968e-02
5.010518e-02
5.002305e-02
5.018161e-02
5.016307e-02
5.008788e-02
5.017504e-02
5.015965e-02
5.012584e-02
5.009793e-02
5.289910e-02
4.951378e-02
4.992563e-02
4.981179e-02
4.991947e-02
4.980833e-02
4.989400e-02
4.987517e-02
5.005850e-02
4.992820e-02
4.992839e-02
4.989657e-02
4.998588e-02
4.996817e-02
4.997432e-02
5.005033e-02
4.985555e-02
4.994041e-02
4.990213e-02
4.999187e-02
4.998916e-02
4.995973e-02
4.993277e-02
4.997519e-02
4.998585e-02
4.995834e-02
4.998370e-02
4.981736e-02
5.001034e-02
4.997256e-02
4.995443e-02
5.007672e-02
4.992205e-02
4.998902e-02
4.997105e-02
4.991543e-02
5.025969e-02
6.635979e-02
5.231784e-02
5.044850e-02
5.040850e-02
5.029809e-02
5.033018e-02
5.015487e-02
5.029988e-02

Kick
2.540415e-04
1.491206e-04
1.503304e-04
1.479313e-04
1.590513e-04
1.487918e-04
1.457306e-04
1.482107e-04
1.474014e-04
1.720106e-04
1.483010e-04
1.502708e-04
1.562610e-04
1.484612e-04
1.482815e-04
1.477413e-04
1.499709e-04
1.541311e-04
1.501711e-04
1.468416e-04
1.600711e-04
1.559723e-04
1.484910e-04
1.580911e-04
1.484510e-04
1.491504e-04
1.576319e-04
1.482423e-04
1.487406e-04
1.495313e-04
1.462819e-04
1.495807e-04
1.646513e-04
1.480812e-04
1.492510e-04
1.597805e-04
1.458311e-04
1.504011e-04
1.578908e-04
1.490209e-04
1.489706e-04
1.550615e-04
1.488309e-04
1.572613e-04
1.566010e-04
1.486717e-04
1.494018e-04
1.467215e-04
1.521911e-04
1.483215e-04
1.483914e-04
1.568608e-04
1.484407e-04
1.483606e-04
1.482125e-04
6.505949e-04
1.496216e-04
1.577009e-04
1.497110e-04
1.488002e-04
1.483122e-04
1.490321e-04
1.497315e-04
1.548911e-04
1.488412e-04
1.568208e-04
1.479508e-04
1.492109e-04
1.472207e-04
1.465408e-04
1.543025e-04
1.494614e-04
1.549609e-04
1.503509e-04
1.490209e-04
1.478205e-04
1.497306e-04
1.479313e-04
1.489511e-04
1.486307e-04
1.469310e-04
1.561306e-04
1.472915e-04
1.501227e-04
1.484510e-04
1.498209e-04
1.488905e-04
1.490712e-04
1.482507e-04
1.474610e-04
1.496905e-04
1.530014e-04
1.406409e-04
1.496011e-04
1.493515e-04
1.468807e-04
1.482712e-04
1.635114e-04
1.493711e-04
1.462102e-04

Second Drift
4.146542e-03
3.353997e-03
3.308887e-03
3.272646e-03
3.322275e-03
3.284826e-03
3.291846e-03
3.313196e-03
3.275046e-03
3.306435e-03
3.294275e-03
3.239475e-03
3.251336e-03
3.252205e-03
3.312076e-03
3.281387e-03
3.239435e-03
3.306836e-03
3.294095e-03
3.224406e-03
3.252965e-03
3.331296e-03
3.235766e-03
3.271186e-03
3.322177e-03
3.312796e-03
3.320556e-03
3.287295e-03
3.349115e-03
3.294855e-03
3.312226e-03
3.275196e-03
3.302207e-03
3.292407e-03
3.265995e-03
3.310957e-03
3.339906e-03
3.233006e-03
3.256596e-03
3.279776e-03
3.352917e-03
3.325086e-03
3.343357e-03
3.311496e-03
3.341347e-03
3.321487e-03
3.359867e-03
3.366077e-03
3.254866e-03
3.299166e-03
3.344256e-03
3.398046e-03
3.282766e-03
3.345176e-03
3.345787e-03
3.516607e-03
3.361417e-03
3.296766e-03
3.324578e-03
3.299846e-03
3.450017e-03
3.332607e-03
3.381797e-03
3.314306e-03
3.367357e-03
3.358616e-03
3.344646e-03
3.363175e-03
3.358166e-03
3.334978e-03
3.250496e-03
3.377197e-03
3.327476e-03
3.385397e-03
3.316387e-03
3.371677e-03
3.390347e-03
3.289657e-03
3.356227e-03
3.260716e-03
3.376718e-03
3.329457e-03
3.416937e-03
3.301086e-03
3.397367e-03
3.349487e-03
3.339296e-03
3.405967e-03
3.314496e-03
3.365167e-03
3.299027e-03
3.203436e-03
2.753112e-03
3.399845e-03
3.360317e-03
3.322786e-03
3.365336e-03
3.331256e-03
3.408536e-03
3.395366e-03

--- Configuration ---
nsteps: 100
dt: 1.000000e-04
eps: 5.000000e-02
G: 1.000000e+00
mass: 1.000000e+00
energy_every: 100
energy_tol: 1.000000e-03
kernel_choice: ort
kinetic0: 1.469728e+09
potential0: -2.934067e+09
max_relative_error: 7.003164e-05
PAPI Cycles
0
0
0
0
0
0
0
0
0
0
0
0
0
0
0
0
0
0
0
0
0
0
0
0
0
0
0
0
0
0
0
0
0
0
0
0
0
0
0
0
0
0
0
0
0
0
0
0
0
0
0
0
0
0
0
0
0
0
0
0
0
0
0
0
0
0
0
0
0
0
0
0
0
0
0
0
0
0
0
0
0
0
0
0
0
0
0
0
0
0
0
0
0
0
0
0
0
0
0
0

PAPI Instructions
0
0
0
0
0
0
0
0
0
0
0
0
0
0
0
0
0
0
0
0
0
0
0
0
0
0
0
0
0
0
0
0
0
0
0
0
0
0
0
0
0
0
0
0
0
0
0
0
0
0
0
0
0
0
0
0
0
0
0
0
0
0
0
0
0
0
0
0
0
0
0
0
0
0
0
0
0
0
0
0
0
0
0
0
0
0
0
0
0
0
0
0
0
0
0
0
0
0
0
0

PAPI L1 Misses
0
0
0
0
0
0
0
0
0
0
0
0
0
0
0
0
0
0
0
0
0
0
0
0
0
0
0
0
0
0
0
0
0
0
0
0
0
0
0
0
0
0
0
0
0
0
0
0
0
0
0
0
0
0
0
0
0
0
0
0
0
0
0
0
0
0
0
0
0
0
0
0
0
0
0
0
0
0
0
0
0
0
0
0
0
0
0
0
0
0
0
0
0
0
0
0
0
0
0
0

PAPI L2 Misses
0
0
0
0
0
0
0
0
0
0
0
0
0
0
0
0
0
0
0
0
0
0
0
0
0
0
0
0
0
0
0
0
0
0
0
0
0
0
0
0
0
0
0
0
0
0
0
0
0
0
0
0
0
0
0
0
0
0
0
0
0
0
0
0
0
0
0
0
0
0
0
0
0
0
0
0
0
0
0
0
0
0
0
0
0
0
0
0
0
0
0
0
0
0
0
0
0
0
0
0

PAPI Vectorial DP
0
0
0
0
0
0
0
0
0
0
0
0
0
0
0
0
0
0
0
0
0
0
0
0
0
0
0
0
0
0
0
0
0
0
0
0
0
0
0
0
0
0
0
0
0
0
0
0
0
0
0
0
0
0
0
0
0
0
0
0
0
0
0
0
0
0
0
0
0
0
0
0
0
0
0
0
0
0
0
0
0
0
0
0
0
0
0
0
0
0
0
0
0
0
0
0
0
0
0
0

