File Read
4.634568e-03

File Write
4.234563e-03

Total Run
1.614812e+01

Total Step
1.022864e-01
5.875199e-02
5.603159e-02
5.597583e-02
5.573951e-02
5.597456e-02
5.592846e-02
5.561238e-02
5.590135e-02
5.583804e-02
5.576042e-02
5.570430e-02
5.577625e-02
5.567518e-02
5.568338e-02
5.588322e-02
5.595060e-02
5.620034e-02
5.567502e-02
5.591711e-02
5.579139e-02
5.564264e-02
5.570602e-02
5.554237e-02
5.569566e-02
5.554641e-02
5.562098e-02
5.564107e-02
5.593498e-02
5.565639e-02
5.562272e-02
5.571369e-02
5.581589e-02
5.570129e-02
5.592103e-02
5.560362e-02
5.596273e-02
5.580112e-02
5.572444e-02
5.581444e-02
5.574823e-02
5.594634e-02
5.603858e-02
5.580498e-02
5.586074e-02
5.654765e-02
5.599987e-02
5.606109e-02
5.586807e-02
5.578660e-02
5.592521e-02
5.586092e-02
5.578055e-02
6.154200e-02
5.573196e-02
5.567046e-02
5.557519e-02
5.553183e-02
5.560193e-02
5.546902e-02
5.568563e-02
5.560962e-02
5.552761e-02
5.524840e-02
5.567301e-02
5.528089e-02
5.558728e-02
5.576211e-02
5.552133e-02
5.563263e-02
5.535858e-02
5.565180e-02
5.532333e-02
5.585937e-02
5.524743e-02
5.541659e-02
5.516896e-02
5.567943e-02
5.577768e-02
5.582070e-02
5.564993e-02
5.523368e-02
5.579541e-02
5.575216e-02
5.528720e-02
5.520019e-02
5.560166e-02
5.571384e-02
5.516329e-02
5.563376e-02
5.591097e-02
5.523031e-02
5.519808e-02
5.571195e-02
5.554623e-02
5.523514e-02
5.525230e-02
5.559212e-02
5.508467e-02
5.569253e-02

First Drift
1.394916e-04
9.373110e-05
9.262096e-05
9.243097e-05
9.155087e-05
9.289011e-05
9.328034e-05
9.214133e-05
9.159092e-05
9.240955e-05
9.405985e-05
9.881053e-05
9.307079e-05
9.481143e-05
9.418093e-05
9.270106e-05
9.427033e-05
9.482075e-05
9.313133e-05
9.417068e-05
9.450037e-05
9.404030e-05
9.436999e-05
9.283982e-05
9.390991e-05
9.299163e-05
9.380095e-05
9.914022e-05
9.414088e-05
9.477045e-05
9.392109e-05
9.518117e-05
9.387080e-05
9.533018e-05
9.342004e-05
9.859167e-05
9.384099e-05
9.324122e-05
9.396113e-05
9.465124e-05
9.303074e-05
9.320024e-05
9.514112e-05
9.476021e-05
9.445008e-05
9.543076e-05
9.517092e-05
9.289104e-05
9.534042e-05
9.530969e-05
9.375066e-05
9.477045e-05
9.391084e-05
9.413157e-05
9.665079e-05
9.516999e-05
9.562168e-05
9.644032e-05
9.592157e-05
9.465124e-05
9.476021e-05
9.738002e-05
9.519141e-05
9.501074e-05
9.679049e-05
9.981077e-05
9.557139e-05
9.616092e-05
9.495020e-05
9.418093e-05
9.460095e-05
9.491108e-05
9.495113e-05
9.524077e-05
1.023915e-04
9.566080e-05
9.401981e-05
9.457115e-05
9.682123e-05
9.340141e-05
9.352062e-05
9.671040e-05
1.009209e-04
9.495113e-05
9.533111e-05
9.613112e-05
1.012301e-04
9.496044e-05
9.454135e-05
9.769015e-05
9.678118e-05
9.808131e-05
9.537116e-05
9.663031e-05
9.661168e-05
9.780098e-05
9.330083e-05
9.689014e-05
9.645056e-05
9.473972e-05

Compute Force
9.797698e-02
5.540675e-02
5.292566e-02
5.288011e-02
5.261332e-02
5.286231e-02
5.281430e-02
5.249008e-02
5.279468e-02
5.273247e-02
5.262396e-02
5.259283e-02
5.267647e-02
5.253748e-02
5.259862e-02
5.277081e-02
5.281444e-02
5.307620e-02
5.256322e-02
5.277441e-02
5.269000e-02
5.251426e-02
5.255460e-02
5.244214e-02
5.257230e-02
5.239652e-02
5.252536e-02
5.249693e-02
5.278037e-02
5.254527e-02
5.247319e-02
5.257403e-02
5.269180e-02
5.255144e-02
5.272655e-02
5.248523e-02
5.281356e-02
5.267505e-02
5.259375e-02
5.266448e-02
5.263918e-02
5.282601e-02
5.288182e-02
5.268862e-02
5.275194e-02
5.336640e-02
5.288314e-02
5.294808e-02
5.268911e-02
5.267409e-02
5.281408e-02
5.268874e-02
5.268092e-02
5.717923e-02
5.260268e-02
5.258176e-02
5.243333e-02
5.239334e-02
5.250009e-02
5.232253e-02
5.243892e-02
5.251653e-02
5.239811e-02
5.208868e-02
5.259502e-02
5.213980e-02
5.244872e-02
5.264828e-02
5.239189e-02
5.248277e-02
5.222986e-02
5.254794e-02
5.214677e-02
5.276194e-02
5.211450e-02
5.226208e-02
5.205383e-02
5.256134e-02
5.265330e-02
5.270485e-02
5.252306e-02
5.211805e-02
5.266993e-02
5.266637e-02
5.217292e-02
5.206331e-02
5.248766e-02
5.261716e-02
5.205110e-02
5.249457e-02
5.281953e-02
5.208537e-02
5.206735e-02
5.266207e-02
5.239960e-02
5.209337e-02
5.217051e-02
5.243885e-02
5.193152e-02
5.260507e-02

Kick
2.271319e-04
1.596324e-04
1.368215e-04
1.426814e-04
1.453310e-04
1.362814e-04
1.433510e-04
1.427708e-04
1.371605e-04
1.382614e-04
1.496412e-04
1.375722e-04
1.389412e-04
1.393706e-04
1.354916e-04
1.397608e-04
1.359722e-04
1.389505e-04
1.391321e-04
1.359014e-04
1.375210e-04
1.385203e-04
1.368020e-04
1.375321e-04
1.381505e-04
1.362804e-04
1.453916e-04
1.382316e-04
1.377901e-04
1.370003e-04
1.389310e-04
1.370208e-04
1.364611e-04
1.456104e-04
1.363810e-04
1.355410e-04
1.370711e-04
1.362115e-04
1.450507e-04
1.396211e-04
1.357822e-04
1.366707e-04
1.368010e-04
1.358213e-04
1.376811e-04
1.441510e-04
1.368206e-04
1.382614e-04
1.431713e-04
1.373617e-04
1.397710e-04
1.438409e-04
1.377510e-04
7.099556e-04
1.394004e-04
1.366008e-04
1.368914e-04
1.385212e-04
1.362115e-04
1.371410e-04
1.420313e-04
1.360010e-04
1.454810e-04
1.437208e-04
1.468211e-04
1.366911e-04
1.380313e-04
1.403606e-04
1.448421e-04
1.205904e-04
1.363326e-04
1.412006e-04
1.478605e-04
1.424914e-04
1.436109e-04
1.425324e-04
1.365710e-04
1.378022e-04
1.426507e-04
1.364714e-04
1.374604e-04
1.456821e-04
1.348509e-04
1.376504e-04
1.363903e-04
1.446409e-04
1.372015e-04
1.362404e-04
1.355307e-04
1.379512e-04
1.433622e-04
1.357216e-04
1.377221e-04
1.356909e-04
1.353817e-04
1.375610e-04
1.358707e-04
1.365915e-04
1.376104e-04
1.363205e-04

Second Drift
3.885381e-03
3.090624e-03
2.875763e-03
2.860032e-03
2.888563e-03
2.882022e-03
2.876983e-03
2.886454e-03
2.877142e-03
2.874463e-03
2.891953e-03
2.874453e-03
2.867263e-03
2.902524e-03
2.854262e-03
2.879262e-03
2.905132e-03
2.878962e-03
2.879153e-03
2.911463e-03
2.868404e-03
2.895154e-03
2.919443e-03
2.869403e-03
2.890702e-03
2.919523e-03
2.855683e-03
2.906034e-03
2.922003e-03
2.878553e-03
2.915973e-03
2.906383e-03
2.892972e-03
2.908441e-03
2.964153e-03
2.883592e-03
2.917233e-03
2.895623e-03
2.891113e-03
2.915033e-03
2.879572e-03
2.889614e-03
2.923893e-03
2.884623e-03
2.875452e-03
2.940843e-03
2.883342e-03
2.880822e-03
2.939674e-03
2.878712e-03
2.876933e-03
2.932592e-03
2.867603e-03
3.546718e-03
2.892283e-03
2.855811e-03
2.908552e-03
2.902653e-03
2.868732e-03
2.913713e-03
3.008864e-03
2.858832e-03
2.888222e-03
2.919943e-03
2.833513e-03
2.904102e-03
2.904263e-03
2.876223e-03
2.888852e-03
2.934223e-03
2.896983e-03
2.866932e-03
2.921263e-03
2.858912e-03
2.886074e-03
2.915373e-03
2.883472e-03
2.884991e-03
2.883863e-03
2.884903e-03
2.895223e-03
2.872372e-03
2.888903e-03
2.852412e-03
2.881813e-03
2.895043e-03
2.875023e-03
2.864443e-03
2.880783e-03
2.902763e-03
2.850313e-03
2.910373e-03
2.897003e-03
2.816803e-03
2.913383e-03
2.905722e-03
2.851622e-03
2.919073e-03
2.917932e-03
2.855732e-03

--- Configuration ---
nsteps: 100
dt: 1.000000e-04
eps: 5.000000e-02
G: 1.000000e+00
mass: 1.000000e+00
energy_every: 100
energy_tol: 1.000000e-03
kernel_choice: ortr
kinetic0: 1.469728e+09
potential0: -2.934067e+09
max_relative_error: 7.003164e-05
PAPI Cycles
0
0
0
0
0
0
0
0
0
0
0
0
0
0
0
0
0
0
0
0
0
0
0
0
0
0
0
0
0
0
0
0
0
0
0
0
0
0
0
0
0
0
0
0
0
0
0
0
0
0
0
0
0
0
0
0
0
0
0
0
0
0
0
0
0
0
0
0
0
0
0
0
0
0
0
0
0
0
0
0
0
0
0
0
0
0
0
0
0
0
0
0
0
0
0
0
0
0
0
0

PAPI Instructions
0
0
0
0
0
0
0
0
0
0
0
0
0
0
0
0
0
0
0
0
0
0
0
0
0
0
0
0
0
0
0
0
0
0
0
0
0
0
0
0
0
0
0
0
0
0
0
0
0
0
0
0
0
0
0
0
0
0
0
0
0
0
0
0
0
0
0
0
0
0
0
0
0
0
0
0
0
0
0
0
0
0
0
0
0
0
0
0
0
0
0
0
0
0
0
0
0
0
0
0

PAPI L1 Misses
0
0
0
0
0
0
0
0
0
0
0
0
0
0
0
0
0
0
0
0
0
0
0
0
0
0
0
0
0
0
0
0
0
0
0
0
0
0
0
0
0
0
0
0
0
0
0
0
0
0
0
0
0
0
0
0
0
0
0
0
0
0
0
0
0
0
0
0
0
0
0
0
0
0
0
0
0
0
0
0
0
0
0
0
0
0
0
0
0
0
0
0
0
0
0
0
0
0
0
0

PAPI L2 Misses
0
0
0
0
0
0
0
0
0
0
0
0
0
0
0
0
0
0
0
0
0
0
0
0
0
0
0
0
0
0
0
0
0
0
0
0
0
0
0
0
0
0
0
0
0
0
0
0
0
0
0
0
0
0
0
0
0
0
0
0
0
0
0
0
0
0
0
0
0
0
0
0
0
0
0
0
0
0
0
0
0
0
0
0
0
0
0
0
0
0
0
0
0
0
0
0
0
0
0
0

PAPI Vectorial DP
0
0
0
0
0
0
0
0
0
0
0
0
0
0
0
0
0
0
0
0
0
0
0
0
0
0
0
0
0
0
0
0
0
0
0
0
0
0
0
0
0
0
0
0
0
0
0
0
0
0
0
0
0
0
0
0
0
0
0
0
0
0
0
0
0
0
0
0
0
0
0
0
0
0
0
0
0
0
0
0
0
0
0
0
0
0
0
0
0
0
0
0
0
0
0
0
0
0
0
0

File Read
2.702082e-03

File Write
5.272982e-03

Total Run
1.612791e+01

Total Step
1.013795e-01
5.875632e-02
5.547547e-02
5.590776e-02
5.581657e-02
5.556000e-02
5.557827e-02
5.564600e-02
5.591127e-02
5.546213e-02
5.599063e-02
5.563921e-02
5.559077e-02
5.595734e-02
5.591919e-02
5.589804e-02
5.635725e-02
5.595559e-02
5.602181e-02
5.592879e-02
5.592561e-02
5.580336e-02
5.576343e-02
5.586292e-02
5.598276e-02
5.576123e-02
5.585230e-02
5.583418e-02
5.572339e-02
5.573587e-02
5.596483e-02
5.570613e-02
5.587257e-02
5.587549e-02
5.581137e-02
5.563667e-02
5.597696e-02
5.588663e-02
5.566387e-02
5.591133e-02
5.571971e-02
5.569358e-02
5.574661e-02
5.567360e-02
5.565685e-02
5.588446e-02
5.579663e-02
5.582306e-02
5.560901e-02
5.580505e-02
5.584573e-02
5.567560e-02
5.595230e-02
6.058257e-02
5.615648e-02
5.547974e-02
5.534311e-02
5.555238e-02
5.562412e-02
5.566427e-02
5.555849e-02
5.571670e-02
5.545282e-02
5.571380e-02
5.572176e-02
5.562218e-02
5.582810e-02
5.573766e-02
5.584455e-02
5.561003e-02
5.566790e-02
5.575635e-02
5.568512e-02
5.574868e-02
5.576196e-02
5.577989e-02
5.566760e-02
5.581412e-02
5.582554e-02
5.573668e-02
5.578284e-02
5.560562e-02
5.552158e-02
5.553227e-02
5.558281e-02
5.550177e-02
5.563785e-02
5.575324e-02
5.569141e-02
6.212166e-02
5.565798e-02
5.542336e-02
5.573796e-02
5.554082e-02
5.558305e-02
5.566340e-02
5.558596e-02
5.555371e-02
5.572893e-02
5.579624e-02

First Drift
1.411811e-04
9.376090e-05
9.362120e-05
9.339023e-05
9.243097e-05
9.122118e-05
9.244122e-05
9.198114e-05
9.104144e-05
9.368081e-05
9.399094e-05
9.436999e-05
9.307172e-05
1.015207e-04
1.000008e-04
9.472109e-05
9.504985e-05
9.393040e-05
9.488966e-05
9.378977e-05
9.463076e-05
1.016110e-04
9.420142e-05
9.446032e-05
9.451061e-05
9.411108e-05
9.346101e-05
1.004608e-04
9.411015e-05
9.355135e-05
9.345170e-05
9.476114e-05
9.828061e-05
9.419117e-05
9.291153e-05
9.520072e-05
9.382982e-05
9.257067e-05
1.013409e-04
9.376090e-05
9.401981e-05
9.455066e-05
1.013717e-04
9.366032e-05
9.349082e-05
9.451155e-05
1.006210e-04
9.394065e-05
9.423029e-05
9.507127e-05
9.898096e-05
9.271130e-05
9.672996e-05
9.354018e-05
9.682123e-05
9.565149e-05
9.369012e-05
9.347033e-05
9.568036e-05
9.362027e-05
9.297114e-05
9.649061e-05
9.271037e-05
9.553041e-05
9.612087e-05
9.341072e-05
9.923056e-05
9.644032e-05
9.515043e-05
9.640120e-05
9.697024e-05
9.498000e-05
9.530131e-05
9.459071e-05
9.629969e-05
9.588059e-05
9.618048e-05
9.476114e-05
9.443145e-05
9.766128e-05
9.475183e-05
9.533111e-05
9.410176e-05
9.428058e-05
9.487104e-05
9.499025e-05
9.567942e-05
9.493157e-05
9.489059e-05
9.466056e-05
9.447150e-05
9.766035e-05
1.031710e-04
9.557046e-05
9.529106e-05
9.322073e-05
9.508058e-05
9.687059e-05
9.653065e-05
9.525102e-05

Compute Force
9.696129e-02
5.541044e-02
5.240131e-02
5.282253e-02
5.268481e-02
5.250099e-02
5.250351e-02
5.252514e-02
5.280514e-02
5.233478e-02
5.286088e-02
5.253425e-02
5.244543e-02
5.283107e-02
5.279054e-02
5.274609e-02
5.317929e-02
5.284058e-02
5.286853e-02
5.279712e-02
5.281029e-02
5.264289e-02
5.262902e-02
5.275758e-02
5.282852e-02
5.262231e-02
5.275208e-02
5.268836e-02
5.258164e-02
5.263923e-02
5.281462e-02
5.257354e-02
5.276266e-02
5.273305e-02
5.268735e-02
5.250942e-02
5.283668e-02
5.275209e-02
5.251702e-02
5.276013e-02
5.257257e-02
5.255103e-02
5.259715e-02
5.253426e-02
5.251746e-02
5.274330e-02
5.264893e-02
5.270375e-02
5.247452e-02
5.266783e-02
5.272348e-02
5.250226e-02
5.282723e-02
5.626454e-02
5.300820e-02
5.231547e-02
5.216306e-02
5.240250e-02
5.250179e-02
5.251774e-02
5.241156e-02
5.260739e-02
5.229614e-02
5.257156e-02
5.253001e-02
5.248023e-02
5.269490e-02
5.263442e-02
5.271238e-02
5.247139e-02
5.256793e-02
5.261268e-02
5.250303e-02
5.263586e-02
5.260830e-02
5.263626e-02
5.256265e-02
5.267514e-02
5.267917e-02
5.263066e-02
5.264274e-02
5.244715e-02
5.239864e-02
5.236608e-02
5.243450e-02
5.240035e-02
5.247349e-02
5.260663e-02
5.257721e-02
5.902950e-02
5.251163e-02
5.230697e-02
5.257831e-02
5.238388e-02
5.247087e-02
5.248925e-02
5.241701e-02
5.245246e-02
5.257467e-02
5.264763e-02

Kick
2.292814e-04
1.459308e-04
1.481809e-04
1.420807e-04
1.370916e-04
1.382818e-04
1.387717e-04
1.387913e-04
1.391517e-04
1.397505e-04
1.364816e-04
1.379605e-04
1.487825e-04
1.448710e-04
1.400709e-04
1.389803e-04
1.368504e-04
1.384811e-04
1.391703e-04
1.426106e-04
1.465911e-04
1.391508e-04
1.355112e-04
1.379717e-04
1.391610e-04
1.373105e-04
1.463816e-04
1.395913e-04
1.366306e-04
1.401007e-04
1.437617e-04
1.453413e-04
1.385510e-04
1.373515e-04
1.373310e-04
1.384225e-04
1.438512e-04
1.450209e-04
1.379903e-04
1.442712e-04
1.385109e-04
1.495210e-04
1.373915e-04
1.375908e-04
1.443205e-04
1.465902e-04
1.383713e-04
1.380509e-04
1.370218e-04
1.445906e-04
1.385408e-04
1.424914e-04
1.372518e-04
6.636055e-04
1.376709e-04
1.377100e-04
1.501516e-04
1.379503e-04
1.371605e-04
1.366315e-04
1.399815e-04
1.385408e-04
1.371708e-04
1.408812e-04
2.342621e-04
1.392215e-04
1.379009e-04
1.410823e-04
1.385510e-04
1.381114e-04
1.354413e-04
1.379708e-04
1.389608e-04
1.383703e-04
1.435503e-04
1.371820e-04
1.384327e-04
1.423210e-04
1.382111e-04
1.376523e-04
1.376513e-04
1.381496e-04
1.426712e-04
1.381207e-04
1.347903e-04
1.378311e-04
1.387708e-04
1.443615e-04
1.392514e-04
1.395224e-04
1.377817e-04
1.452724e-04
1.386413e-04
1.371214e-04
1.376402e-04
1.375508e-04
1.472905e-04
1.381105e-04
1.384811e-04
1.373505e-04

Second Drift
3.999392e-03
3.105104e-03
2.831033e-03
2.848743e-03
2.901083e-03
2.828472e-03
2.842133e-03
2.889093e-03
2.875132e-03
2.892703e-03
2.898222e-03
2.871772e-03
2.902613e-03
2.879201e-03
2.887603e-03
2.917013e-03
2.945133e-03
2.881243e-03
2.918093e-03
2.894402e-03
2.873223e-03
2.918392e-03
2.903763e-03
2.871943e-03
2.919544e-03
2.906493e-03
2.859193e-03
2.904783e-03
2.910073e-03
2.861852e-03
2.911982e-03
2.891573e-03
2.872094e-03
2.909863e-03
2.892532e-03
2.892353e-03
2.901603e-03
2.895772e-03
2.906423e-03
2.912153e-03
2.913574e-03
2.897393e-03
2.909793e-03
2.906913e-03
2.900313e-03
2.898643e-03
2.907833e-03
2.886313e-03
2.902223e-03
2.896593e-03
2.883653e-03
2.936604e-03
2.890333e-03
3.521618e-03
2.912493e-03
2.929653e-03
2.935303e-03
2.917363e-03
2.888593e-03
2.915063e-03
2.912762e-03
2.873324e-03
2.925904e-03
2.904953e-03
2.860172e-03
2.908203e-03
2.894893e-03
2.864583e-03
2.896963e-03
2.903303e-03
2.866683e-03
2.909773e-03
2.933593e-03
2.879243e-03
2.913062e-03
2.909943e-03
2.869284e-03
2.901063e-03
2.912953e-03
2.869723e-03
2.906953e-03
2.924043e-03
2.885513e-03
2.932983e-03
2.917953e-03
2.867793e-03
2.929003e-03
2.906583e-03
2.879082e-03
2.856952e-03
2.913433e-03
2.872713e-03
2.916603e-03
2.923173e-03
2.878502e-03
2.942463e-03
2.925874e-03
2.865563e-03
2.918513e-03
2.915103e-03

--- Configuration ---
nsteps: 100
dt: 1.000000e-04
eps: 5.000000e-02
G: 1.000000e+00
mass: 1.000000e+00
energy_every: 100
energy_tol: 1.000000e-03
kernel_choice: ortr
kinetic0: 1.469728e+09
potential0: -2.934067e+09
max_relative_error: 7.003164e-05
PAPI Cycles
0
0
0
0
0
0
0
0
0
0
0
0
0
0
0
0
0
0
0
0
0
0
0
0
0
0
0
0
0
0
0
0
0
0
0
0
0
0
0
0
0
0
0
0
0
0
0
0
0
0
0
0
0
0
0
0
0
0
0
0
0
0
0
0
0
0
0
0
0
0
0
0
0
0
0
0
0
0
0
0
0
0
0
0
0
0
0
0
0
0
0
0
0
0
0
0
0
0
0
0

PAPI Instructions
0
0
0
0
0
0
0
0
0
0
0
0
0
0
0
0
0
0
0
0
0
0
0
0
0
0
0
0
0
0
0
0
0
0
0
0
0
0
0
0
0
0
0
0
0
0
0
0
0
0
0
0
0
0
0
0
0
0
0
0
0
0
0
0
0
0
0
0
0
0
0
0
0
0
0
0
0
0
0
0
0
0
0
0
0
0
0
0
0
0
0
0
0
0
0
0
0
0
0
0

PAPI L1 Misses
0
0
0
0
0
0
0
0
0
0
0
0
0
0
0
0
0
0
0
0
0
0
0
0
0
0
0
0
0
0
0
0
0
0
0
0
0
0
0
0
0
0
0
0
0
0
0
0
0
0
0
0
0
0
0
0
0
0
0
0
0
0
0
0
0
0
0
0
0
0
0
0
0
0
0
0
0
0
0
0
0
0
0
0
0
0
0
0
0
0
0
0
0
0
0
0
0
0
0
0

PAPI L2 Misses
0
0
0
0
0
0
0
0
0
0
0
0
0
0
0
0
0
0
0
0
0
0
0
0
0
0
0
0
0
0
0
0
0
0
0
0
0
0
0
0
0
0
0
0
0
0
0
0
0
0
0
0
0
0
0
0
0
0
0
0
0
0
0
0
0
0
0
0
0
0
0
0
0
0
0
0
0
0
0
0
0
0
0
0
0
0
0
0
0
0
0
0
0
0
0
0
0
0
0
0

PAPI Vectorial DP
0
0
0
0
0
0
0
0
0
0
0
0
0
0
0
0
0
0
0
0
0
0
0
0
0
0
0
0
0
0
0
0
0
0
0
0
0
0
0
0
0
0
0
0
0
0
0
0
0
0
0
0
0
0
0
0
0
0
0
0
0
0
0
0
0
0
0
0
0
0
0
0
0
0
0
0
0
0
0
0
0
0
0
0
0
0
0
0
0
0
0
0
0
0
0
0
0
0
0
0

File Read
2.789263e-03

File Write
5.500655e-03

Total Run
1.612682e+01

Total Step
1.016987e-01
5.889503e-02
5.604476e-02
5.584459e-02
5.608386e-02
5.588894e-02
5.590742e-02
5.593237e-02
5.572923e-02
5.578096e-02
5.610631e-02
5.582535e-02
5.604249e-02
5.600342e-02
5.592505e-02
5.589345e-02
5.583303e-02
5.617516e-02
5.602131e-02
5.595724e-02
5.578869e-02
5.570097e-02
5.590533e-02
5.597398e-02
5.611430e-02
5.620958e-02
5.593546e-02
5.604328e-02
5.583744e-02
5.597209e-02
5.585869e-02
5.587528e-02
5.560422e-02
5.570541e-02
5.588526e-02
5.650552e-02
5.578579e-02
5.578549e-02
5.586962e-02
5.585510e-02
5.590570e-02
5.565097e-02
5.579836e-02
5.589407e-02
5.565931e-02
5.578548e-02
5.575134e-02
5.581381e-02
5.609952e-02
5.607243e-02
5.590363e-02
5.598872e-02
5.589375e-02
6.178908e-02
5.588137e-02
5.591779e-02
5.532110e-02
5.583407e-02
5.603401e-02
5.518903e-02
5.582107e-02
5.548127e-02
5.524995e-02
5.590687e-02
5.550932e-02
5.575118e-02
5.546845e-02
5.594388e-02
5.528710e-02
5.553398e-02
5.580849e-02
5.524320e-02
5.542933e-02
5.550314e-02
5.525203e-02
5.546405e-02
5.550575e-02
5.577567e-02
5.542730e-02
5.584145e-02
5.519672e-02
5.557716e-02
5.531584e-02
5.519605e-02
5.608429e-02
5.564421e-02
5.582618e-02
5.555948e-02
5.549628e-02
5.596783e-02
5.551548e-02
5.585819e-02
5.547422e-02
5.548808e-02
5.542479e-02
5.542448e-02
5.539591e-02
5.529685e-02
5.590038e-02
5.552757e-02

First Drift
1.411820e-04
1.070909e-04
9.369943e-05
9.163097e-05
9.050127e-05
9.282026e-05
9.118114e-05
9.109080e-05
9.166077e-05
9.277090e-05
9.403005e-05
9.486079e-05
9.877048e-05
9.795092e-05
9.972136e-05
9.826105e-05
9.415112e-05
9.399094e-05
9.379070e-05
9.420048e-05
9.304006e-05
9.458046e-05
9.472016e-05
9.231083e-05
9.412970e-05
9.485055e-05
9.217020e-05
9.411015e-05
9.515136e-05
9.286031e-05
9.320118e-05
9.325054e-05
9.544101e-05
9.481143e-05
9.421073e-05
9.480957e-05
9.521935e-05
9.391084e-05
9.473041e-05
9.322073e-05
9.291060e-05
1.006005e-04
9.381026e-05
9.175111e-05
9.316113e-05
9.930041e-05
9.412970e-05
9.326916e-05
9.373017e-05
9.590108e-05
9.531062e-05
9.365007e-05
9.457022e-05
9.501074e-05
9.782054e-05
9.859074e-05
9.462144e-05
9.505078e-05
1.029409e-04
9.677187e-05
9.529106e-05
9.717047e-05
9.584054e-05
9.349920e-05
9.601936e-05
9.688083e-05
9.963103e-05
9.647105e-05
9.654090e-05
9.638071e-05
9.619165e-05
1.026308e-04
9.649992e-05
9.533111e-05
9.385124e-05
9.610038e-05
9.822007e-05
9.354018e-05
9.601098e-05
9.534974e-05
9.659119e-05
9.441003e-05
9.618141e-05
9.593181e-05
9.541120e-05
9.683054e-05
9.370036e-05
9.550154e-05
9.420980e-05
9.624939e-05
9.653158e-05
9.555090e-05
9.481050e-05
9.679049e-05
9.514112e-05
9.559095e-05
9.724125e-05
9.587035e-05
9.668153e-05
9.429082e-05

Compute Force
9.732258e-02
5.552820e-02
5.289931e-02
5.275434e-02
5.294757e-02
5.280114e-02
5.280962e-02
5.280091e-02
5.263001e-02
5.266275e-02
5.277827e-02
5.272279e-02
5.292632e-02
5.285685e-02
5.282950e-02
5.277586e-02
5.269455e-02
5.309856e-02
5.289934e-02
5.281785e-02
5.271391e-02
5.256152e-02
5.276286e-02
5.283328e-02
5.296885e-02
5.306674e-02
5.281312e-02
5.288717e-02
5.268492e-02
5.288565e-02
5.269762e-02
5.271632e-02
5.251282e-02
5.256192e-02
5.274042e-02
5.341490e-02
5.265648e-02
5.264547e-02
5.278413e-02
5.272297e-02
5.275219e-02
5.253202e-02
5.270527e-02
5.275040e-02
5.254420e-02
5.267043e-02
5.262061e-02
5.272155e-02
5.300465e-02
5.293049e-02
5.278430e-02
5.288268e-02
5.274154e-02
5.735793e-02
5.272184e-02
5.277750e-02
5.217662e-02
5.268096e-02
5.286382e-02
5.205410e-02
5.267446e-02
5.233897e-02
5.214253e-02
5.278689e-02
5.235766e-02
5.264440e-02
5.231864e-02
5.279401e-02
5.217862e-02
5.240808e-02
5.265457e-02
5.215621e-02
5.229136e-02
5.233621e-02
5.216258e-02
5.231594e-02
5.233415e-02
5.268916e-02
5.227472e-02
5.265632e-02
5.209881e-02
5.230273e-02
5.211987e-02
5.210598e-02
5.290047e-02
5.248018e-02
5.275513e-02
5.238082e-02
5.234518e-02
5.287400e-02
5.232855e-02
5.272915e-02
5.237772e-02
5.231288e-02
5.228193e-02
5.229294e-02
5.216803e-02
5.217194e-02
5.275993e-02
5.237703e-02

Kick
2.277922e-04
1.448011e-04
1.375908e-04
1.407210e-04
1.372313e-04
1.376309e-04
1.384011e-04
1.377827e-04
1.373813e-04
1.461217e-04
1.441911e-04
1.491411e-04
1.529111e-04
1.440914e-04
1.542112e-04
1.442619e-04
1.379512e-04
1.424402e-04
1.433510e-04
1.376811e-04
1.395410e-04
1.446214e-04
1.378711e-04
1.382213e-04
1.405114e-04
1.373710e-04
1.383610e-04
1.399703e-04
1.384811e-04
1.401007e-04
1.389207e-04
1.466507e-04
1.390325e-04
1.387214e-04
1.380704e-04
1.447005e-04
1.380509e-04
1.381915e-04
1.435112e-04
1.508510e-04
1.377808e-04
1.443811e-04
1.431303e-04
1.377603e-04
1.478111e-04
1.442805e-04
1.383806e-04
1.393612e-04
1.394702e-04
1.378711e-04
1.396909e-04
1.380807e-04
1.372425e-04
6.679948e-04
1.455508e-04
1.396313e-04
1.454214e-04
1.545204e-04
1.467513e-04
1.454810e-04
1.520328e-04
1.392812e-04
1.408607e-04
1.392206e-04
1.391005e-04
1.490805e-04
1.383312e-04
1.389710e-04
1.404909e-04
1.388909e-04
1.499709e-04
1.457306e-04
1.437711e-04
1.397515e-04
1.420313e-04
1.388108e-04
1.393706e-04
1.404006e-04
1.387224e-04
1.376914e-04
1.409110e-04
1.469310e-04
1.394805e-04
1.402404e-04
1.387214e-04
1.390902e-04
1.409510e-04
1.384327e-04
1.413710e-04
1.461105e-04
1.390213e-04
1.400327e-04
1.459215e-04
1.382809e-04
1.506619e-04
1.408309e-04
1.394916e-04
1.463313e-04
1.491411e-04
1.399303e-04

Second Drift
3.948441e-03
3.113636e-03
2.913482e-03
2.857333e-03
2.907743e-03
2.856732e-03
2.867223e-03
2.901702e-03
2.869412e-03
2.878264e-03
3.089114e-03
2.857814e-03
2.863972e-03
2.903813e-03
2.840923e-03
2.874393e-03
2.905192e-03
2.839472e-03
2.884043e-03
2.906463e-03
2.841602e-03
2.899483e-03
2.909023e-03
2.909712e-03
2.909863e-03
2.909783e-03
2.891233e-03
2.921233e-03
2.917664e-03
2.852912e-03
2.928264e-03
2.918502e-03
2.856212e-03
2.908913e-03
2.911683e-03
2.850163e-03
2.895153e-03
2.907103e-03
2.846602e-03
2.887183e-03
2.922053e-03
2.873332e-03
2.855233e-03
2.913282e-03
2.873683e-03
2.870883e-03
2.897464e-03
2.859253e-03
2.860903e-03
2.907453e-03
2.883693e-03
2.873513e-03
2.919783e-03
3.634440e-03
2.915272e-03
2.901543e-03
2.904003e-03
2.902923e-03
2.919843e-03
2.892233e-03
2.898701e-03
2.905022e-03
2.870173e-03
2.886632e-03
2.915743e-03
2.860373e-03
2.911042e-03
2.913773e-03
2.870542e-03
2.889853e-03
2.907074e-03
2.837633e-03
2.885563e-03
2.931333e-03
2.852923e-03
2.912333e-03
2.933433e-03
2.851743e-03
2.916913e-03
2.951363e-03
2.859673e-03
3.032194e-03
2.959562e-03
2.852984e-03
2.948783e-03
2.927332e-03
2.835692e-03
2.943944e-03
2.914834e-03
2.850352e-03
2.950453e-03
2.892872e-03
2.855062e-03
2.939443e-03
2.896482e-03
2.894413e-03
2.990323e-03
2.882043e-03
2.893764e-03
2.915483e-03

--- Configuration ---
nsteps: 100
dt: 1.000000e-04
eps: 5.000000e-02
G: 1.000000e+00
mass: 1.000000e+00
energy_every: 100
energy_tol: 1.000000e-03
kernel_choice: ortr
kinetic0: 1.469728e+09
potential0: -2.934067e+09
max_relative_error: 7.003164e-05
PAPI Cycles
0
0
0
0
0
0
0
0
0
0
0
0
0
0
0
0
0
0
0
0
0
0
0
0
0
0
0
0
0
0
0
0
0
0
0
0
0
0
0
0
0
0
0
0
0
0
0
0
0
0
0
0
0
0
0
0
0
0
0
0
0
0
0
0
0
0
0
0
0
0
0
0
0
0
0
0
0
0
0
0
0
0
0
0
0
0
0
0
0
0
0
0
0
0
0
0
0
0
0
0

PAPI Instructions
0
0
0
0
0
0
0
0
0
0
0
0
0
0
0
0
0
0
0
0
0
0
0
0
0
0
0
0
0
0
0
0
0
0
0
0
0
0
0
0
0
0
0
0
0
0
0
0
0
0
0
0
0
0
0
0
0
0
0
0
0
0
0
0
0
0
0
0
0
0
0
0
0
0
0
0
0
0
0
0
0
0
0
0
0
0
0
0
0
0
0
0
0
0
0
0
0
0
0
0

PAPI L1 Misses
0
0
0
0
0
0
0
0
0
0
0
0
0
0
0
0
0
0
0
0
0
0
0
0
0
0
0
0
0
0
0
0
0
0
0
0
0
0
0
0
0
0
0
0
0
0
0
0
0
0
0
0
0
0
0
0
0
0
0
0
0
0
0
0
0
0
0
0
0
0
0
0
0
0
0
0
0
0
0
0
0
0
0
0
0
0
0
0
0
0
0
0
0
0
0
0
0
0
0
0

PAPI L2 Misses
0
0
0
0
0
0
0
0
0
0
0
0
0
0
0
0
0
0
0
0
0
0
0
0
0
0
0
0
0
0
0
0
0
0
0
0
0
0
0
0
0
0
0
0
0
0
0
0
0
0
0
0
0
0
0
0
0
0
0
0
0
0
0
0
0
0
0
0
0
0
0
0
0
0
0
0
0
0
0
0
0
0
0
0
0
0
0
0
0
0
0
0
0
0
0
0
0
0
0
0

PAPI Vectorial DP
0
0
0
0
0
0
0
0
0
0
0
0
0
0
0
0
0
0
0
0
0
0
0
0
0
0
0
0
0
0
0
0
0
0
0
0
0
0
0
0
0
0
0
0
0
0
0
0
0
0
0
0
0
0
0
0
0
0
0
0
0
0
0
0
0
0
0
0
0
0
0
0
0
0
0
0
0
0
0
0
0
0
0
0
0
0
0
0
0
0
0
0
0
0
0
0
0
0
0
0

File Read
2.783832e-03

File Write
7.917862e-03

Total Run
1.613750e+01

Total Step
1.013234e-01
5.852123e-02
5.589470e-02
5.623634e-02
5.605403e-02
5.600419e-02
5.604722e-02
5.573712e-02
5.618878e-02
5.577541e-02
5.598968e-02
5.604682e-02
5.583285e-02
5.568851e-02
5.584341e-02
5.573242e-02
5.602351e-02
5.634619e-02
5.580773e-02
5.610076e-02
5.572244e-02
5.601059e-02
5.598217e-02
5.588096e-02
5.600924e-02
5.593806e-02
5.592335e-02
5.610577e-02
5.595434e-02
5.582120e-02
5.568346e-02
5.569546e-02
5.581181e-02
5.579977e-02
5.609985e-02
5.588218e-02
5.591918e-02
5.577788e-02
5.590604e-02
5.570118e-02
5.578998e-02
5.594566e-02
5.614008e-02
5.594977e-02
5.586371e-02
5.590349e-02
5.586501e-02
5.576708e-02
5.597808e-02
5.569905e-02
5.585892e-02
5.596353e-02
5.586885e-02
6.059925e-02
5.571949e-02
5.572419e-02
5.570089e-02
5.563610e-02
5.580351e-02
5.573813e-02
5.568444e-02
5.579382e-02
5.571714e-02
5.566851e-02
5.591923e-02
5.580885e-02
5.581602e-02
5.570036e-02
5.584570e-02
5.575339e-02
5.580003e-02
5.586745e-02
5.561707e-02
5.579282e-02
5.596190e-02
5.595808e-02
5.558938e-02
5.572950e-02
5.564105e-02
5.579752e-02
5.575091e-02
5.576756e-02
5.573824e-02
5.590306e-02
5.573588e-02
5.585496e-02
5.594843e-02
5.571890e-02
5.575164e-02
5.949021e-02
5.578916e-02
5.579929e-02
5.585133e-02
5.571340e-02
5.574244e-02
5.583053e-02
5.568350e-02
5.558814e-02
5.580823e-02
5.592863e-02

First Drift
1.374707e-04
9.077974e-05
9.209942e-05
9.150989e-05
9.780098e-05
9.123143e-05
9.095110e-05
9.176135e-05
9.103119e-05
9.207055e-05
9.338092e-05
9.495020e-05
9.324122e-05
9.357091e-05
9.420142e-05
9.272061e-05
9.778049e-05
9.823125e-05
9.424146e-05
9.330083e-05
9.268057e-05
9.856094e-05
1.031505e-04
9.844080e-05
9.429082e-05
9.363052e-05
9.372178e-05
9.426102e-05
9.469967e-05
9.367149e-05
9.469129e-05
9.365100e-05
9.990111e-05
9.351131e-05
9.465031e-05
9.399001e-05
9.431969e-05
9.357184e-05
9.504147e-05
9.362120e-05
9.334087e-05
9.575114e-05
9.423122e-05
9.330083e-05
9.548105e-05
9.537023e-05
9.432994e-05
9.416137e-05
9.458140e-05
9.456091e-05
9.297114e-05
9.482075e-05
9.518117e-05
9.358115e-05
9.614136e-05
9.626988e-05
9.749085e-05
9.537116e-05
9.690039e-05
9.616185e-05
9.561051e-05
9.774044e-05
9.494089e-05
9.417161e-05
9.655114e-05
9.464100e-05
1.004403e-04
9.455066e-05
9.209011e-05
9.565055e-05
9.532087e-05
9.619072e-05
9.626057e-05
9.424984e-05
9.449106e-05
9.579957e-05
9.270106e-05
9.553041e-05
9.537116e-05
9.749085e-05
9.527989e-05
9.457953e-05
9.479001e-05
9.522121e-05
1.008110e-04
9.714067e-05
9.408034e-05
9.690132e-05
9.646080e-05
9.931065e-05
9.689108e-05
9.563100e-05
9.558070e-05
1.014611e-04
9.667128e-05
9.426009e-05
9.708107e-05
9.662937e-05
9.478070e-05
9.496137e-05

Compute Force
9.689497e-02
5.522087e-02
5.275413e-02
5.311579e-02
5.294719e-02
5.287786e-02
5.292400e-02
5.262709e-02
5.296216e-02
5.261252e-02
5.285528e-02
5.291723e-02
5.268740e-02
5.255922e-02
5.270096e-02
5.258591e-02
5.289249e-02
5.322018e-02
5.266154e-02
5.295998e-02
5.260479e-02
5.285152e-02
5.284059e-02
5.274699e-02
5.288304e-02
5.264625e-02
5.278253e-02
5.297862e-02
5.282083e-02
5.267109e-02
5.255665e-02
5.256929e-02
5.266968e-02
5.269066e-02
5.291983e-02
5.275103e-02
5.279998e-02
5.265884e-02
5.279554e-02
5.259100e-02
5.265274e-02
5.283617e-02
5.302064e-02
5.282736e-02
5.274111e-02
5.278341e-02
5.276051e-02
5.265000e-02
5.284207e-02
5.258740e-02
5.275701e-02
5.283133e-02
5.276612e-02
5.640229e-02
5.258045e-02
5.251884e-02
5.255607e-02
5.248073e-02
5.260640e-02
5.260473e-02
5.244247e-02
5.261387e-02
5.259772e-02
5.250893e-02
5.274721e-02
5.269234e-02
5.265036e-02
5.253829e-02
5.272442e-02
5.259272e-02
5.264418e-02
5.274614e-02
5.244076e-02
5.264568e-02
5.284089e-02
5.279382e-02
5.245483e-02
5.260496e-02
5.249930e-02
5.266480e-02
5.261813e-02
5.261910e-02
5.259541e-02
5.277420e-02
5.256018e-02
5.271109e-02
5.281792e-02
5.254035e-02
5.260377e-02
5.638309e-02
5.264616e-02
5.264483e-02
5.271470e-02
5.253535e-02
5.260144e-02
5.268635e-02
5.250338e-02
5.242666e-02
5.268649e-02
5.275292e-02

Kick
2.226820e-04
1.459615e-04
1.369510e-04
1.423415e-04
1.366222e-04
1.381002e-04
1.358408e-04
1.420220e-04
2.365718e-04
1.360914e-04
1.362711e-04
1.382511e-04
1.356211e-04
1.375498e-04
1.377715e-04
1.442414e-04
1.463117e-04
1.376709e-04
1.359712e-04
1.383517e-04
1.484612e-04
1.429608e-04
1.438912e-04
1.374707e-04
1.341207e-04
1.371903e-04
1.431415e-04
1.351209e-04
1.395913e-04
1.499904e-04
1.357002e-04
1.510810e-04
1.500016e-04
1.365514e-04
1.439722e-04
1.430009e-04
1.359815e-04
1.440216e-04
1.381207e-04
1.364006e-04
1.399312e-04
1.371708e-04
1.359312e-04
1.392709e-04
1.363009e-04
1.373114e-04
1.436016e-04
1.367405e-04
1.485012e-04
1.451103e-04
1.372201e-04
1.414316e-04
1.443811e-04
6.592348e-04
1.371913e-04
1.408113e-04
1.351703e-04
1.353715e-04
1.463508e-04
1.371214e-04
1.504710e-04
1.434805e-04
1.367908e-04
1.396509e-04
1.417305e-04
1.439219e-04
1.378013e-04
1.380323e-04
1.350008e-04
1.474004e-04
1.395410e-04
1.347112e-04
1.356909e-04
1.399610e-04
1.369212e-04
1.468007e-04
1.406614e-04
1.347605e-04
1.415713e-04
1.375610e-04
1.348322e-04
1.352113e-04
1.400914e-04
1.429003e-04
1.347521e-04
1.374409e-04
1.370609e-04
1.387810e-04
1.501506e-04
1.372714e-04
1.354208e-04
1.488812e-04
1.458405e-04
1.375517e-04
1.391014e-04
1.376104e-04
1.367806e-04
1.395810e-04
1.370013e-04
1.362609e-04

Second Drift
4.014702e-03
3.062465e-03
2.910533e-03
2.885694e-03
2.871173e-03
2.896233e-03
2.895363e-03
2.875212e-03
2.898313e-03
2.933714e-03
2.903813e-03
2.895463e-03
2.915572e-03
2.897152e-03
2.909604e-03
2.908283e-03
2.885903e-03
2.889073e-03
2.914663e-03
2.908143e-03
2.875542e-03
2.916683e-03
2.893983e-03
2.897213e-03
2.896913e-03
3.060045e-03
2.903123e-03
2.896633e-03
2.898142e-03
2.905293e-03
2.895473e-03
2.880642e-03
2.891452e-03
2.878123e-03
2.940643e-03
2.893243e-03
2.887824e-03
2.880473e-03
2.876362e-03
2.878994e-03
2.903352e-03
2.875503e-03
2.887922e-03
2.888652e-03
2.889612e-03
2.886613e-03
2.865393e-03
2.884903e-03
2.892062e-03
2.870952e-03
2.870551e-03
2.894963e-03
2.862143e-03
3.410437e-03
2.904623e-03
2.967373e-03
2.911283e-03
2.923313e-03
2.953053e-03
2.899153e-03
2.995183e-03
2.937763e-03
2.886543e-03
2.924824e-03
2.932613e-03
2.876363e-03
2.926573e-03
2.928573e-03
2.893132e-03
2.916954e-03
2.919964e-03
2.889663e-03
2.930943e-03
2.912083e-03
2.888563e-03
2.920753e-03
2.900123e-03
2.893253e-03
2.903323e-03
2.896843e-03
2.901473e-03
2.917803e-03
2.906772e-03
2.889633e-03
2.939234e-03
2.908473e-03
2.898413e-03
2.942064e-03
2.900363e-03
2.869632e-03
2.909563e-03
2.909263e-03
2.894073e-03
2.938134e-03
2.904382e-03
2.911493e-03
2.944884e-03
2.924314e-03
2.889093e-03
2.943683e-03

--- Configuration ---
nsteps: 100
dt: 1.000000e-04
eps: 5.000000e-02
G: 1.000000e+00
mass: 1.000000e+00
energy_every: 100
energy_tol: 1.000000e-03
kernel_choice: ortr
kinetic0: 1.469728e+09
potential0: -2.934067e+09
max_relative_error: 7.003164e-05
PAPI Cycles
0
0
0
0
0
0
0
0
0
0
0
0
0
0
0
0
0
0
0
0
0
0
0
0
0
0
0
0
0
0
0
0
0
0
0
0
0
0
0
0
0
0
0
0
0
0
0
0
0
0
0
0
0
0
0
0
0
0
0
0
0
0
0
0
0
0
0
0
0
0
0
0
0
0
0
0
0
0
0
0
0
0
0
0
0
0
0
0
0
0
0
0
0
0
0
0
0
0
0
0

PAPI Instructions
0
0
0
0
0
0
0
0
0
0
0
0
0
0
0
0
0
0
0
0
0
0
0
0
0
0
0
0
0
0
0
0
0
0
0
0
0
0
0
0
0
0
0
0
0
0
0
0
0
0
0
0
0
0
0
0
0
0
0
0
0
0
0
0
0
0
0
0
0
0
0
0
0
0
0
0
0
0
0
0
0
0
0
0
0
0
0
0
0
0
0
0
0
0
0
0
0
0
0
0

PAPI L1 Misses
0
0
0
0
0
0
0
0
0
0
0
0
0
0
0
0
0
0
0
0
0
0
0
0
0
0
0
0
0
0
0
0
0
0
0
0
0
0
0
0
0
0
0
0
0
0
0
0
0
0
0
0
0
0
0
0
0
0
0
0
0
0
0
0
0
0
0
0
0
0
0
0
0
0
0
0
0
0
0
0
0
0
0
0
0
0
0
0
0
0
0
0
0
0
0
0
0
0
0
0

PAPI L2 Misses
0
0
0
0
0
0
0
0
0
0
0
0
0
0
0
0
0
0
0
0
0
0
0
0
0
0
0
0
0
0
0
0
0
0
0
0
0
0
0
0
0
0
0
0
0
0
0
0
0
0
0
0
0
0
0
0
0
0
0
0
0
0
0
0
0
0
0
0
0
0
0
0
0
0
0
0
0
0
0
0
0
0
0
0
0
0
0
0
0
0
0
0
0
0
0
0
0
0
0
0

PAPI Vectorial DP
0
0
0
0
0
0
0
0
0
0
0
0
0
0
0
0
0
0
0
0
0
0
0
0
0
0
0
0
0
0
0
0
0
0
0
0
0
0
0
0
0
0
0
0
0
0
0
0
0
0
0
0
0
0
0
0
0
0
0
0
0
0
0
0
0
0
0
0
0
0
0
0
0
0
0
0
0
0
0
0
0
0
0
0
0
0
0
0
0
0
0
0
0
0
0
0
0
0
0
0

File Read
4.400465e-03

File Write
4.985249e-03

Total Run
1.614379e+01

Total Step
1.020284e-01
5.884266e-02
5.635438e-02
5.602552e-02
5.594487e-02
5.576684e-02
5.596916e-02
5.595158e-02
5.600879e-02
5.569449e-02
5.560270e-02
5.593644e-02
5.572561e-02
5.580250e-02
5.600330e-02
5.572761e-02
5.569262e-02
5.622848e-02
5.570167e-02
5.563944e-02
5.582839e-02
5.585983e-02
5.594735e-02
5.603625e-02
5.587157e-02
5.553669e-02
5.566493e-02
5.586690e-02
5.564359e-02
5.585742e-02
5.580919e-02
5.575334e-02
5.595315e-02
5.596488e-02
5.587163e-02
6.125339e-02
5.640942e-02
5.598608e-02
5.580398e-02
5.583522e-02
5.594462e-02
5.588929e-02
5.571871e-02
5.571506e-02
5.594886e-02
5.582415e-02
5.592621e-02
5.596402e-02
5.600554e-02
5.590432e-02
5.574472e-02
5.589618e-02
5.584659e-02
5.586548e-02
5.581172e-02
5.588861e-02
5.587013e-02
5.590197e-02
5.597020e-02
5.591099e-02
5.583875e-02
5.591562e-02
5.587819e-02
5.587637e-02
5.598145e-02
5.575914e-02
5.575588e-02
5.599010e-02
5.578930e-02
5.591401e-02
5.598473e-02
5.944016e-02
5.618752e-02
5.590445e-02
5.586845e-02
5.572383e-02
5.577638e-02
5.582644e-02
5.599039e-02
5.583852e-02
5.564582e-02
5.582011e-02
5.585312e-02
5.584428e-02
5.593761e-02
5.581316e-02
5.571874e-02
5.598253e-02
5.587679e-02
5.584088e-02
5.592689e-02
5.591717e-02
5.583190e-02
5.582249e-02
5.596493e-02
5.588563e-02
5.584631e-02
5.601893e-02
5.586059e-02
5.593085e-02

First Drift
1.426917e-04
9.315088e-05
9.270106e-05
9.314064e-05
9.122118e-05
9.157043e-05
1.060804e-04
9.724963e-05
9.310152e-05
9.504054e-05
9.363052e-05
9.393040e-05
9.365100e-05
9.424053e-05
9.481050e-05
9.416137e-05
9.339117e-05
9.609014e-05
9.414088e-05
9.342097e-05
9.420142e-05
9.290967e-05
9.468943e-05
9.342097e-05
9.300932e-05
9.436999e-05
9.405147e-05
9.315088e-05
9.274110e-05
9.923056e-05
9.277090e-05
9.552110e-05
9.441096e-05
9.394158e-05
9.475090e-05
9.362120e-05
9.777118e-05
9.767152e-05
9.469036e-05
9.642914e-05
9.589083e-05
9.642169e-05
9.650085e-05
9.921100e-05
9.717140e-05
9.542983e-05
9.686127e-05
9.392109e-05
9.444077e-05
1.002103e-04
9.561051e-05
1.016306e-04
9.825081e-05
9.604078e-05
9.710994e-05
9.853113e-05
9.712111e-05
9.748060e-05
9.842124e-05
9.533018e-05
1.028413e-04
9.633042e-05
9.529945e-05
9.596068e-05
9.732135e-05
9.660050e-05
9.526033e-05
1.004208e-04
1.008799e-04
9.474158e-05
9.688083e-05
9.418093e-05
9.726081e-05
9.850133e-05
9.550061e-05
9.777024e-05
9.893067e-05
9.738095e-05
9.446032e-05
9.851065e-05
9.613112e-05
9.558070e-05
9.672996e-05
9.530131e-05
9.521097e-05
9.617023e-05
9.660050e-05
9.642076e-05
9.625964e-05
9.579025e-05
9.683985e-05
9.490084e-05
9.664986e-05
9.668153e-05
9.541027e-05
1.009014e-04
9.526964e-05
9.491015e-05
9.794161e-05
9.485055e-05

Compute Force
9.767626e-02
5.552089e-02
5.321909e-02
5.290057e-02
5.284227e-02
5.264196e-02
5.283556e-02
5.284041e-02
5.288874e-02
5.255044e-02
5.251256e-02
5.281178e-02
5.259577e-02
5.270237e-02
5.286788e-02
5.259799e-02
5.258875e-02
5.307051e-02
5.255962e-02
5.253874e-02
5.268458e-02
5.274370e-02
5.284296e-02
5.288736e-02
5.274797e-02
5.242368e-02
5.251556e-02
5.272069e-02
5.253359e-02
5.271623e-02
5.266771e-02
5.263152e-02
5.281719e-02
5.283611e-02
5.277126e-02
5.686296e-02
5.325444e-02
5.286023e-02
5.262908e-02
5.267704e-02
5.281792e-02
5.269683e-02
5.257060e-02
5.259348e-02
5.277290e-02
5.263972e-02
5.281199e-02
5.278540e-02
5.282726e-02
5.277403e-02
5.256892e-02
5.270247e-02
5.270077e-02
5.268801e-02
5.262836e-02
5.274084e-02
5.269279e-02
5.270702e-02
5.281175e-02
5.273490e-02
5.266283e-02
5.276808e-02
5.270807e-02
5.270238e-02
5.282106e-02
5.259551e-02
5.258205e-02
5.284310e-02
5.263347e-02
5.274894e-02
5.283453e-02
5.616459e-02
5.299152e-02
5.276327e-02
5.267489e-02
5.254056e-02
5.261696e-02
5.266102e-02
5.283015e-02
5.268248e-02
5.249034e-02
5.265159e-02
5.272006e-02
5.269461e-02
5.276893e-02
5.266767e-02
5.257693e-02
5.280455e-02
5.271464e-02
5.269508e-02
5.275645e-02
5.274369e-02
5.269190e-02
5.264029e-02
5.278164e-02
5.274720e-02
5.268500e-02
5.284457e-02
5.273041e-02
5.274730e-02

Kick
2.381615e-04
1.434609e-04
1.358809e-04
1.361612e-04
1.350511e-04
1.445916e-04
1.443513e-04
1.448812e-04
1.454409e-04
1.373012e-04
1.352811e-04
1.401510e-04
1.421114e-04
1.365114e-04
1.388704e-04
1.420910e-04
1.382604e-04
1.477413e-04
1.448812e-04
1.377510e-04
1.383210e-04
1.377612e-04
1.365012e-04
1.393314e-04
1.371009e-04
1.376513e-04
1.383815e-04
1.306310e-04
1.440411e-04
1.446512e-04
1.364006e-04
1.375005e-04
1.428509e-04
1.358110e-04
1.375712e-04
6.778864e-04
1.374912e-04
1.358408e-04
1.381608e-04
1.364611e-04
1.347316e-04
1.387913e-04
1.403810e-04
1.369203e-04
1.422111e-04
1.366707e-04
1.410311e-04
1.496114e-04
1.367312e-04
1.367005e-04
1.514116e-04
1.365207e-04
1.369808e-04
1.367116e-04
1.358418e-04
1.370013e-04
1.389310e-04
1.465511e-04
1.529912e-04
1.430921e-04
1.391815e-04
1.425212e-04
1.388416e-04
1.386805e-04
1.438921e-04
1.369305e-04
1.484612e-04
1.503015e-04
1.377203e-04
1.393408e-04
1.369119e-04
1.618210e-04
1.380704e-04
1.433911e-04
1.484519e-04
1.405012e-04
1.439909e-04
1.381915e-04
1.383014e-04
1.428714e-04
1.394209e-04
1.393724e-04
1.355307e-04
1.387410e-04
1.352411e-04
1.360616e-04
1.384607e-04
1.355708e-04
1.368616e-04
1.386711e-04
1.342213e-04
1.371307e-04
1.357822e-04
1.414223e-04
1.441017e-04
1.392821e-04
1.346311e-04
1.369221e-04
1.403410e-04
1.346208e-04

Second Drift
3.927861e-03
3.084093e-03
2.905823e-03
2.894633e-03
2.875423e-03
2.887633e-03
2.882273e-03
2.868202e-03
2.880573e-03
2.910683e-03
2.860223e-03
2.889553e-03
2.892863e-03
2.868192e-03
2.900403e-03
2.892073e-03
2.870743e-03
2.912723e-03
2.901332e-03
2.868322e-03
2.910173e-03
2.884294e-03
2.871873e-03
2.914394e-03
2.892233e-03
2.879303e-03
2.915893e-03
2.921322e-03
2.872203e-03
2.896073e-03
2.911163e-03
2.887322e-03
2.896863e-03
2.897693e-03
2.866724e-03
3.583868e-03
2.918502e-03
2.890863e-03
2.941164e-03
2.924233e-03
2.894613e-03
2.955883e-03
2.910123e-03
2.884443e-03
2.935764e-03
2.951103e-03
2.874952e-03
2.933733e-03
2.946184e-03
2.892423e-03
2.927423e-03
2.954714e-03
2.909273e-03
2.943904e-03
2.949153e-03
2.911183e-03
2.939773e-03
2.950262e-03
2.906084e-03
2.936913e-03
2.932834e-03
2.907633e-03
2.935064e-03
2.938404e-03
2.918263e-03
2.929103e-03
2.929163e-03
2.895732e-03
2.916653e-03
2.929703e-03
2.915373e-03
3.018735e-03
2.942814e-03
2.898533e-03
2.948393e-03
2.943723e-03
2.915673e-03
2.928512e-03
2.926453e-03
2.913644e-03
2.918743e-03
2.932534e-03
2.900143e-03
2.914213e-03
2.937583e-03
2.912463e-03
2.905833e-03
2.945013e-03
2.928083e-03
2.910703e-03
2.938133e-03
2.940644e-03
2.906863e-03
2.943314e-03
2.942883e-03
2.896853e-03
2.930783e-03
2.941733e-03
2.891152e-03
2.953153e-03

--- Configuration ---
nsteps: 100
dt: 1.000000e-04
eps: 5.000000e-02
G: 1.000000e+00
mass: 1.000000e+00
energy_every: 100
energy_tol: 1.000000e-03
kernel_choice: ortr
kinetic0: 1.469728e+09
potential0: -2.934067e+09
max_relative_error: 7.003164e-05
PAPI Cycles
0
0
0
0
0
0
0
0
0
0
0
0
0
0
0
0
0
0
0
0
0
0
0
0
0
0
0
0
0
0
0
0
0
0
0
0
0
0
0
0
0
0
0
0
0
0
0
0
0
0
0
0
0
0
0
0
0
0
0
0
0
0
0
0
0
0
0
0
0
0
0
0
0
0
0
0
0
0
0
0
0
0
0
0
0
0
0
0
0
0
0
0
0
0
0
0
0
0
0
0

PAPI Instructions
0
0
0
0
0
0
0
0
0
0
0
0
0
0
0
0
0
0
0
0
0
0
0
0
0
0
0
0
0
0
0
0
0
0
0
0
0
0
0
0
0
0
0
0
0
0
0
0
0
0
0
0
0
0
0
0
0
0
0
0
0
0
0
0
0
0
0
0
0
0
0
0
0
0
0
0
0
0
0
0
0
0
0
0
0
0
0
0
0
0
0
0
0
0
0
0
0
0
0
0

PAPI L1 Misses
0
0
0
0
0
0
0
0
0
0
0
0
0
0
0
0
0
0
0
0
0
0
0
0
0
0
0
0
0
0
0
0
0
0
0
0
0
0
0
0
0
0
0
0
0
0
0
0
0
0
0
0
0
0
0
0
0
0
0
0
0
0
0
0
0
0
0
0
0
0
0
0
0
0
0
0
0
0
0
0
0
0
0
0
0
0
0
0
0
0
0
0
0
0
0
0
0
0
0
0

PAPI L2 Misses
0
0
0
0
0
0
0
0
0
0
0
0
0
0
0
0
0
0
0
0
0
0
0
0
0
0
0
0
0
0
0
0
0
0
0
0
0
0
0
0
0
0
0
0
0
0
0
0
0
0
0
0
0
0
0
0
0
0
0
0
0
0
0
0
0
0
0
0
0
0
0
0
0
0
0
0
0
0
0
0
0
0
0
0
0
0
0
0
0
0
0
0
0
0
0
0
0
0
0
0

PAPI Vectorial DP
0
0
0
0
0
0
0
0
0
0
0
0
0
0
0
0
0
0
0
0
0
0
0
0
0
0
0
0
0
0
0
0
0
0
0
0
0
0
0
0
0
0
0
0
0
0
0
0
0
0
0
0
0
0
0
0
0
0
0
0
0
0
0
0
0
0
0
0
0
0
0
0
0
0
0
0
0
0
0
0
0
0
0
0
0
0
0
0
0
0
0
0
0
0
0
0
0
0
0
0

