File Read
2.859180e-03

File Write
2.912400e-03

Total Run
1.639541e+01

Total Step
2.532197e+01
2.542219e+01
2.532512e+01
2.535040e+01
2.539608e+01
2.532076e+01
2.534496e+01
2.538461e+01
2.534364e+01
2.538382e+01

First Drift
2.008630e-04
1.224317e-04
1.171213e-04
1.555206e-04
1.176326e-04
1.175208e-04
1.558224e-04
1.176614e-04
1.175515e-04
1.181113e-04

Compute Force
2.532139e+01
2.542173e+01
2.532463e+01
2.534991e+01
2.539564e+01
2.532027e+01
2.534447e+01
2.538414e+01
2.534319e+01
2.538336e+01

Kick
1.798812e-04
1.671212e-04
1.755422e-04
1.722323e-04
1.657614e-04
1.840917e-04
1.718821e-04
1.904313e-04
1.759818e-04
1.754919e-04

Second Drift
1.240708e-04
1.264904e-04
1.685116e-04
1.247209e-04
1.260806e-04
1.693107e-04
1.269914e-04
1.302510e-04
1.238612e-04
1.250012e-04

--- Configuration ---
nsteps: 10
dt: 1.000000e-04
eps: 5.000000e-02
G: 1.000000e+00
mass: 1.000000e+00
energy_every: 10
energy_tol: 1.000000e-03
kernel_choice: brm16
kinetic0: 1.469728e+09
potential0: -2.934067e+09
max_relative_error: 4.354348e-08
PAPI Cycles
108234960159
108241510742
108240273147
108234775837
108237292770
108241563772
108237200333
108232633999
108238918464
108236044169

PAPI Instructions
148727719135
148727717188
148727717193
148727717192
148727717194
148727717094
148727717184
148727717182
148727717087
148727717182

PAPI L1 Misses
177374340
177339658
177433578
177381728
177332852
177354556
177459332
177420464
177407012
177409147

PAPI L2 Misses
4730515
4751085
4737957
4748065
4750885
4745203
4738991
4726447
4729480
4713877

PAPI Vectorial DP
0
0
0
0
0
0
0
0
0
0

