File Read
2.714621e-03

File Write
2.722361e-03

Total Run
1.613375e+01

Total Step
5.865649e+00
5.863741e+00
5.865472e+00
5.866272e+00
5.865114e+00
5.866025e+00
5.870566e+00
5.871547e+00
5.867927e+00
5.868195e+00

First Drift
1.414521e-04
8.669123e-05
8.675084e-05
8.841138e-05
8.663163e-05
8.686073e-05
8.682162e-05
8.674059e-05
8.681044e-05
8.658040e-05

Compute Force
5.865196e+00
5.863380e+00
5.865136e+00
5.865905e+00
5.864786e+00
5.865697e+00
5.870241e+00
5.871214e+00
5.867589e+00
5.867856e+00

Kick
1.343321e-04
1.344113e-04
1.338022e-04
1.400216e-04
1.317104e-04
1.327917e-04
1.282329e-04
1.327312e-04
1.311004e-04
1.339512e-04

Second Drift
8.869078e-05
8.698087e-05
9.120069e-05
8.707121e-05
8.790102e-05
8.824095e-05
8.812081e-05
8.805096e-05
8.967146e-05
8.715130e-05

--- Configuration ---
nsteps: 10
dt: 1.000000e-04
eps: 5.000000e-02
G: 1.000000e+00
mass: 1.000000e+00
energy_every: 10
energy_tol: 1.000000e-03
kernel_choice: brm2
kinetic0: 1.469728e+09
potential0: -2.934067e+09
max_relative_error: 4.735181e-06
PAPI Cycles
25068206050
25068289079
25067996735
25067992063
25067801209
25067752970
25067978393
25068086110
25067980125
25068250981

PAPI Instructions
47611385506
47611382537
47611382541
47611382548
47611382539
47611382551
47611382560
47611382551
47611382543
47611382542

PAPI L1 Misses
35621722
35596288
35581521
35585214
35575036
35581927
35557328
35560274
35585253
35579588

PAPI L2 Misses
326450
323620
324812
323982
323751
323805
325349
326651
322652
324464

PAPI Vectorial DP
0
0
0
0
0
0
0
0
0
0

File Read
2.963757e-03

File Write
4.205633e-03

Total Run
1.614792e+01

Total Step
5.864961e+00
5.863517e+00
5.861923e+00
5.870524e+00
5.879148e+00
5.880331e+00
5.877394e+00
5.876923e+00
5.876300e+00
5.877587e+00

First Drift
1.441417e-04
8.711033e-05
8.718111e-05
8.717086e-05
8.707028e-05
9.855162e-05
8.700229e-05
8.722115e-05
8.782092e-05
8.718204e-05

Compute Force
5.864532e+00
5.863169e+00
5.861589e+00
5.870177e+00
5.878808e+00
5.879990e+00
5.877051e+00
5.876595e+00
5.875970e+00
5.877258e+00

Kick
1.384225e-04
1.331419e-04
1.361826e-04
1.367321e-04
1.314422e-04
1.345119e-04
1.251325e-04
1.313323e-04
1.351116e-04
1.310809e-04

Second Drift
9.407103e-05
8.977111e-05
8.926075e-05
8.843094e-05
1.001107e-04
8.802023e-05
1.096409e-04
8.926075e-05
8.755084e-05
9.128265e-05

--- Configuration ---
nsteps: 10
dt: 1.000000e-04
eps: 5.000000e-02
G: 1.000000e+00
mass: 1.000000e+00
energy_every: 10
energy_tol: 1.000000e-03
kernel_choice: brm2
kinetic0: 1.469728e+09
potential0: -2.934067e+09
max_relative_error: 4.735181e-06
PAPI Cycles
25093529224
25093666823
25093439665
25092726654
25092531994
25092591299
25092601061
25092095843
25092572670
25093049431

PAPI Instructions
47611387354
47611384367
47611384381
47611384401
47611384399
47611384427
47611384368
47611384392
47611384370
47611384376

PAPI L1 Misses
35986871
35936581
35966100
35957591
36013095
35990649
36025993
36022504
35976455
36020460

PAPI L2 Misses
362687
349828
354042
347670
351330
338005
349536
353771
346404
350277

PAPI Vectorial DP
0
0
0
0
0
0
0
0
0
0

File Read
3.118151e-03

File Write
9.934349e-03

Total Run
1.643738e+01

Total Step
5.989762e+00
5.985574e+00
5.979215e+00
5.967722e+00
5.917991e+00
5.947123e+00
5.939434e+00
5.982719e+00
5.942894e+00
5.955024e+00

First Drift
1.608422e-04
8.987170e-05
8.977111e-05
8.759182e-05
8.865166e-05
8.791126e-05
8.760113e-05
8.929148e-05
8.929055e-05
8.815993e-05

Compute Force
5.989173e+00
5.985178e+00
5.978839e+00
5.967379e+00
5.917623e+00
5.946780e+00
5.939062e+00
5.982298e+00
5.942555e+00
5.954625e+00

Kick
1.732316e-04
1.784116e-04
1.637125e-04
1.154114e-04
1.571728e-04
1.216820e-04
1.659710e-04
1.821816e-04
1.277523e-04
1.616310e-04

Second Drift
2.019526e-04
9.545125e-05
9.781122e-05
1.026914e-04
1.010112e-04
1.027109e-04
9.864010e-05
1.268014e-04
8.821115e-05
1.302324e-04

--- Configuration ---
nsteps: 10
dt: 1.000000e-04
eps: 5.000000e-02
G: 1.000000e+00
mass: 1.000000e+00
energy_every: 10
energy_tol: 1.000000e-03
kernel_choice: brm2
kinetic0: 1.469728e+09
potential0: -2.934067e+09
max_relative_error: 4.735181e-06
PAPI Cycles
25067957711
25067351730
25067672554
25067744492
25067388865
25066446433
25068851403
25068083093
25067489496
25068019956

PAPI Instructions
47611387511
47611384533
47611384596
47611384603
47611384493
47611384570
47611384510
47611384557
47611384533
47611384547

PAPI L1 Misses
36191776
36159166
36162759
36167567
36140266
36163641
36139219
36143666
36158074
36161767

PAPI L2 Misses
327504
325158
324389
328931
326631
325741
328725
324247
326893
328470

PAPI Vectorial DP
0
0
0
0
0
0
0
0
0
0

File Read
3.022740e-03

File Write
3.955639e-03

Total Run
1.617654e+01

Total Step
5.869206e+00
5.869612e+00
5.869986e+00
5.897498e+00
5.871150e+00
5.868841e+00
5.896481e+00
5.871607e+00
5.872361e+00
5.872291e+00

First Drift
1.592105e-04
8.872151e-05
8.773059e-05
8.786004e-05
8.800160e-05
9.407103e-05
8.820090e-05
8.875970e-05
8.802116e-05
8.940045e-05

Compute Force
5.868594e+00
5.869202e+00
5.869594e+00
5.897049e+00
5.870688e+00
5.868421e+00
5.896040e+00
5.871166e+00
5.871925e+00
5.871859e+00

Kick
2.367916e-04
1.878208e-04
1.858016e-04
2.321228e-04
2.533421e-04
2.047624e-04
2.379222e-04
2.133828e-04
2.291920e-04
2.293820e-04

Second Drift
1.636315e-04
9.102095e-05
9.601004e-05
9.466056e-05
9.588152e-05
9.973068e-05
9.111036e-05
1.190510e-04
9.767059e-05
9.002071e-05

--- Configuration ---
nsteps: 10
dt: 1.000000e-04
eps: 5.000000e-02
G: 1.000000e+00
mass: 1.000000e+00
energy_every: 10
energy_tol: 1.000000e-03
kernel_choice: brm2
kinetic0: 1.469728e+09
potential0: -2.934067e+09
max_relative_error: 4.735181e-06
PAPI Cycles
25070564244
25069178133
25069369251
25069488261
25069976158
25069308109
25069516796
25069749204
25070421091
25070665734

PAPI Instructions
47611385569
47611382612
47611382626
47611382634
47611382636
47611382625
47611382634
47611382627
47611382632
47611382619

PAPI L1 Misses
35958172
35953644
35957865
35971735
35950395
35968623
35989660
35993881
36017168
36013998

PAPI L2 Misses
345587
335992
332624
337235
333227
334833
334644
335789
336993
336582

PAPI Vectorial DP
0
0
0
0
0
0
0
0
0
0

File Read
5.448082e-02

File Write
4.442273e-03

Total Run
1.616179e+01

Total Step
5.868159e+00
5.864224e+00
5.862694e+00
5.865052e+00
5.868248e+00
5.874913e+00
5.868125e+00
5.870921e+00
5.867234e+00
5.869405e+00

First Drift
1.436817e-04
8.776039e-05
8.783024e-05
9.360071e-05
8.779112e-05
8.847099e-05
8.901116e-05
8.788984e-05
8.820090e-05
9.602122e-05

Compute Force
5.867750e+00
5.863883e+00
5.862361e+00
5.864705e+00
5.867895e+00
5.874558e+00
5.867794e+00
5.870549e+00
5.866879e+00
5.869065e+00

Kick
1.308313e-04
1.320420e-04
1.309821e-04
1.339307e-04
1.425808e-04
1.436109e-04
1.301216e-04
1.710718e-04
1.457818e-04
1.348918e-04

Second Drift
9.060092e-05
8.879043e-05
9.141956e-05
9.021163e-05
1.016418e-04
9.963103e-05
8.966122e-05
9.172130e-05
9.951089e-05
8.845050e-05

--- Configuration ---
nsteps: 10
dt: 1.000000e-04
eps: 5.000000e-02
G: 1.000000e+00
mass: 1.000000e+00
energy_every: 10
energy_tol: 1.000000e-03
kernel_choice: brm2
kinetic0: 1.469728e+09
potential0: -2.934067e+09
max_relative_error: 4.735181e-06
PAPI Cycles
25071777119
25071381152
25071027273
25070953555
25070903089
25070906396
25071239154
25071500287
25071466732
25071821938

PAPI Instructions
47611387263
47611384292
47611384198
47611384292
47611384296
47611384295
47611384295
47611384203
47611384291
47611384295

PAPI L1 Misses
37103327
37134730
37134193
37128344
37129659
37135455
37108393
37111619
37098050
37160635

PAPI L2 Misses
382358
377345
371927
375708
374753
371580
376182
375012
369390
379019

PAPI Vectorial DP
0
0
0
0
0
0
0
0
0
0

