File Read
3.025202e-03

File Write
2.988836e-03

Total Run
1.650638e+01

Total Step
7.931980e+00
7.933369e+00
7.950612e+00
7.944871e+00
7.935816e+00
7.930197e+00
7.932625e+00
7.943690e+00
7.938028e+00
7.931152e+00

First Drift
1.411922e-04
9.576976e-05
8.902047e-05
9.589177e-05
8.866005e-05
8.788053e-05
9.021163e-05
9.024050e-05
9.031966e-05
8.904934e-05

Compute Force
7.931561e+00
7.932941e+00
7.950262e+00
7.944463e+00
7.935404e+00
7.929836e+00
7.932249e+00
7.943255e+00
7.937665e+00
7.930740e+00

Kick
1.302725e-04
1.369305e-04
1.352821e-04
1.823111e-04
1.929626e-04
1.467820e-04
1.410302e-04
1.816610e-04
1.422223e-04
1.993515e-04

Second Drift
9.347126e-05
1.664013e-04
9.051058e-05
1.014108e-04
8.998066e-05
9.981170e-05
1.006415e-04
1.310511e-04
9.156112e-05
9.770971e-05

--- Configuration ---
nsteps: 10
dt: 1.000000e-04
eps: 5.000000e-02
G: 1.000000e+00
mass: 1.000000e+00
energy_every: 10
energy_tol: 1.000000e-03
kernel_choice: brm4
kinetic0: 1.469728e+09
potential0: -2.934067e+09
max_relative_error: 4.735181e-06
PAPI Cycles
33213611283
33213024193
33220904272
33218793399
33216610424
33216986723
33217043894
33218021603
33216996927
33217717753

PAPI Instructions
59179601425
59179598465
59179598478
59179598471
59179598469
59179598427
59179598462
59179598436
59179598468
59179598459

PAPI L1 Misses
39222960
39252877
39238917
39238103
39285534
39273420
39262357
39343030
39298221
39289096

PAPI L2 Misses
550016
538952
571788
573282
551449
548517
545317
559517
558966
567695

PAPI Vectorial DP
0
0
0
0
0
0
0
0
0
0

File Read
3.107838e-03

File Write
4.224658e-03

Total Run
1.652516e+01

Total Step
7.932475e+00
7.882072e+00
7.751594e+00
7.751741e+00
7.751683e+00
7.750787e+00
7.750867e+00
7.750355e+00
7.752031e+00
7.750012e+00

First Drift
1.547113e-04
9.036157e-05
9.368919e-05
8.835085e-05
8.940045e-05
9.310991e-05
8.730963e-05
8.741021e-05
9.275042e-05
9.182096e-05

Compute Force
7.932034e+00
7.881739e+00
7.751234e+00
7.751377e+00
7.751333e+00
7.750438e+00
7.750531e+00
7.750013e+00
7.751688e+00
7.749676e+00

Kick
1.365216e-04
1.220014e-04
1.361715e-04
1.434116e-04
1.387317e-04
1.415415e-04
1.251409e-04
1.334110e-04
1.322310e-04
1.316313e-04

Second Drift
1.021810e-04
9.218138e-05
9.243935e-05
1.077410e-04
1.025014e-04
9.443145e-05
9.451155e-05
9.347033e-05
8.854084e-05
9.256136e-05

--- Configuration ---
nsteps: 10
dt: 1.000000e-04
eps: 5.000000e-02
G: 1.000000e+00
mass: 1.000000e+00
energy_every: 10
energy_tol: 1.000000e-03
kernel_choice: brm4
kinetic0: 1.469728e+09
potential0: -2.934067e+09
max_relative_error: 4.735181e-06
PAPI Cycles
33191923737
33191959232
33193789121
33193556856
33193275166
33193524867
33194093354
33194364067
33193674950
33193955673

PAPI Instructions
59179601431
59179598414
59179598283
59179598278
59179598280
59179598279
59179598278
59179598280
59179598281
59179598277

PAPI L1 Misses
36670472
36688211
36672119
36683387
36676559
36691017
36703343
36706053
36684316
36700577

PAPI L2 Misses
553114
552649
554555
556275
559217
559413
562610
564471
561222
562142

PAPI Vectorial DP
0
0
0
0
0
0
0
0
0
0

File Read
3.009647e-03

File Write
5.047005e-03

Total Run
1.655066e+01

Total Step
7.933803e+00
7.941800e+00
7.951780e+00
7.949487e+00
7.965034e+00
7.952001e+00
7.934699e+00
7.936314e+00
7.906110e+00
7.761214e+00

First Drift
1.915712e-04
1.363223e-04
1.370609e-04
1.388416e-04
1.368821e-04
1.369305e-04
1.409007e-04
1.497427e-04
1.592115e-04
1.332713e-04

Compute Force
7.933295e+00
7.941346e+00
7.951116e+00
7.949048e+00
7.964562e+00
7.951561e+00
7.934234e+00
7.935837e+00
7.905653e+00
7.760793e+00

Kick
1.308015e-04
1.390707e-04
3.075125e-04
1.324508e-04
1.440616e-04
1.313612e-04
1.349710e-04
1.403010e-04
1.287209e-04
1.309011e-04

Second Drift
1.379708e-04
1.466312e-04
1.749909e-04
1.426507e-04
1.390614e-04
1.448113e-04
1.586704e-04
1.676604e-04
1.353603e-04
1.356313e-04

--- Configuration ---
nsteps: 10
dt: 1.000000e-04
eps: 5.000000e-02
G: 1.000000e+00
mass: 1.000000e+00
energy_every: 10
energy_tol: 1.000000e-03
kernel_choice: brm4
kinetic0: 1.469728e+09
potential0: -2.934067e+09
max_relative_error: 4.735181e-06
PAPI Cycles
33233307094
33236330288
33239131156
33237080509
33238830759
33232207529
33231193724
33230897693
33232669610
33233941372

PAPI Instructions
59179601431
59179598473
59179598484
59179598478
59179598496
59179598480
59179598466
59179598463
59179598436
59179598288

PAPI L1 Misses
107194805
107188397
107219952
107199473
107194226
107176280
107165892
107182552
107188387
107240596

PAPI L2 Misses
700249
694051
698507
691758
692021
694178
693364
687201
693659
700544

PAPI Vectorial DP
0
0
0
0
0
0
0
0
0
0

File Read
3.109497e-03

File Write
4.205917e-03

Total Run
1.651682e+01

Total Step
7.939229e+00
7.940891e+00
7.935537e+00
7.938195e+00
8.019956e+00
7.934764e+00
7.940332e+00
7.928362e+00
7.925786e+00
7.939808e+00

First Drift
1.449706e-04
8.913130e-05
9.947084e-05
8.945167e-05
9.500142e-05
1.191907e-04
8.971058e-05
8.917041e-05
8.907076e-05
8.866098e-05

Compute Force
7.938807e+00
7.940534e+00
7.935166e+00
7.937856e+00
8.019547e+00
7.934327e+00
7.939985e+00
7.928021e+00
7.925415e+00
7.939352e+00

Kick
1.284704e-04
1.369212e-04
1.370907e-04
1.339205e-04
1.489716e-04
1.890808e-04
1.359722e-04
1.332015e-04
1.482805e-04
2.162317e-04

Second Drift
9.836163e-05
9.812135e-05
9.410083e-05
9.476114e-05
1.331409e-04
1.028301e-04
9.100046e-05
9.640120e-05
9.853020e-05
1.213411e-04

--- Configuration ---
nsteps: 10
dt: 1.000000e-04
eps: 5.000000e-02
G: 1.000000e+00
mass: 1.000000e+00
energy_every: 10
energy_tol: 1.000000e-03
kernel_choice: brm4
kinetic0: 1.469728e+09
potential0: -2.934067e+09
max_relative_error: 4.735181e-06
PAPI Cycles
33202779740
33200814259
33198934369
33199937425
33199466530
33198827578
33198094409
33201164155
33202712098
33202867004

PAPI Instructions
59179599683
59179596714
59179596713
59179596714
59179596716
59179596709
59179596716
59179596698
59179596701
59179596713

PAPI L1 Misses
40194989
40143195
40157805
40184611
40162006
40160324
40150271
40151242
40170167
40144150

PAPI L2 Misses
525344
514902
516917
514815
512907
519831
506318
522406
524567
518917

PAPI Vectorial DP
0
0
0
0
0
0
0
0
0
0

File Read
3.043297e-03

File Write
4.618581e-03

Total Run
1.648225e+01

Total Step
7.919199e+00
7.922196e+00
7.919661e+00
7.915253e+00
7.924744e+00
7.915428e+00
7.920058e+00
7.929274e+00
7.923976e+00
7.926160e+00

First Drift
1.424206e-04
1.079608e-04
1.314413e-04
8.883141e-05
8.946937e-05
1.318818e-04
9.000953e-05
8.976087e-05
9.918120e-05
1.043808e-04

Compute Force
7.918733e+00
7.921802e+00
7.919255e+00
7.914812e+00
7.924331e+00
7.915007e+00
7.919698e+00
7.928919e+00
7.923594e+00
7.925801e+00

Kick
1.372220e-04
1.306012e-04
1.386609e-04
1.505613e-04
1.565414e-04
1.571421e-04
1.358008e-04
1.359517e-04
1.353612e-04
1.387708e-04

Second Drift
1.192512e-04
1.264410e-04
9.255111e-05
1.776824e-04
1.306701e-04
1.025507e-04
9.883102e-05
1.071598e-04
1.133010e-04
9.099115e-05

--- Configuration ---
nsteps: 10
dt: 1.000000e-04
eps: 5.000000e-02
G: 1.000000e+00
mass: 1.000000e+00
energy_every: 10
energy_tol: 1.000000e-03
kernel_choice: brm4
kinetic0: 1.469728e+09
potential0: -2.934067e+09
max_relative_error: 4.735181e-06
PAPI Cycles
33176724180
33181268105
33177253626
33174997698
33181752765
33174664104
33178916799
33177084659
33176074021
33175613040

PAPI Instructions
59179601416
59179598450
59179598451
59179598444
59179598458
59179598444
59179598450
59179598458
59179598453
59179598455

PAPI L1 Misses
39431069
39397158
39414587
39411174
39402697
39397928
39472761
39522831
39524274
39503447

PAPI L2 Misses
527600
528151
519662
514606
529991
512574
525575
527940
523149
523246

PAPI Vectorial DP
0
0
0
0
0
0
0
0
0
0

File Read
3.089217e-03

File Write
3.841243e-03

Total Run
1.655809e+01

Total Step
7.921983e+00
7.924844e+00
7.927830e+00
7.928776e+00
7.923751e+00
7.934864e+00
7.985584e+00
7.932199e+00
7.929417e+00
7.933001e+00

First Drift
1.690714e-04
9.001140e-05
8.982047e-05
1.287712e-04
1.152512e-04
8.980092e-05
9.690132e-05
9.075087e-05
1.397813e-04
9.934977e-05

Compute Force
7.921528e+00
7.924493e+00
7.927409e+00
7.928353e+00
7.923367e+00
7.934479e+00
7.985225e+00
7.931780e+00
7.928993e+00
7.932561e+00

Kick
1.341309e-04
1.392113e-04
1.401622e-04
1.409613e-04
1.370125e-04
1.616022e-04
1.357011e-04
1.690025e-04
1.466619e-04
1.669703e-04

Second Drift
9.405054e-05
9.426102e-05
1.394711e-04
1.253411e-04
9.739120e-05
1.100302e-04
9.439047e-05
1.365207e-04
9.836163e-05
1.471518e-04

--- Configuration ---
nsteps: 10
dt: 1.000000e-04
eps: 5.000000e-02
G: 1.000000e+00
mass: 1.000000e+00
energy_every: 10
energy_tol: 1.000000e-03
kernel_choice: brm4
kinetic0: 1.469728e+09
potential0: -2.934067e+09
max_relative_error: 4.735181e-06
PAPI Cycles
33169957771
33165633342
33167065078
33167002956
33164128284
33171165818
33162676339
33168335223
33165292430
33167823834

PAPI Instructions
59179601413
59179598455
59179598458
59179598457
59179598453
59179598463
59179598454
59179598460
59179598459
59179598459

PAPI L1 Misses
39213495
39214788
39204137
39215409
39204228
39235920
39206416
39207767
39229187
39222937

PAPI L2 Misses
549833
542036
544982
542129
532841
557157
536080
547463
543372
544982

PAPI Vectorial DP
0
0
0
0
0
0
0
0
0
0

