File Read
6.026793e-04

File Write
1.100897e-03

Total Run
6.551752e-01

Total Step
1.002459e+00
9.998776e-01
1.005913e+00
1.000901e+00
1.002329e+00
1.000347e+00
9.980532e-01
9.978223e-01
9.982140e-01
9.979861e-01

First Drift
3.596023e-05
2.116151e-05
2.143998e-05
2.124999e-05
2.131052e-05
2.124067e-05
2.111029e-05
2.116058e-05
2.124067e-05
2.126954e-05

Compute Force
1.002301e+00
9.997614e-01
1.005809e+00
1.000795e+00
1.002227e+00
1.000226e+00
9.979460e-01
9.977097e-01
9.981163e-01
9.978728e-01

Kick
3.992114e-05
3.839005e-05
3.434159e-05
3.965106e-05
4.016049e-05
3.967062e-05
3.984105e-05
3.429130e-05
3.310107e-05
4.240032e-05

Second Drift
2.183951e-05
2.203137e-05
2.203044e-05
2.236012e-05
2.188049e-05
2.173055e-05
2.179015e-05
2.892036e-05
2.221018e-05
2.199132e-05

--- Configuration ---
nsteps: 10
dt: 1.000000e-04
eps: 5.000000e-02
G: 1.000000e+00
mass: 1.000000e+00
energy_every: 10
energy_tol: 1.000000e-03
kernel_choice: brm8
kinetic0: 5.875944e+07
potential0: -1.165828e+08
max_relative_error: 1.249641e-07
PAPI Cycles
4270046921
4269206010
4271241599
4269528141
4269152651
4269062182
4268949837
4268256010
4268810011
4268534540

PAPI Instructions
5613651813
5613650302
5613650582
5613650314
5613650318
5613650302
5613650178
5613650270
5613650177
5613650271

PAPI L1 Misses
2831798
2799202
2857147
2808714
2812285
2804498
2787453
2780057
2780890
2779381

PAPI L2 Misses
66243
54952
53377
58580
64043
57902
41463
40857
40792
40400

PAPI Vectorial DP
0
0
0
0
0
0
0
0
0
0

File Read
6.199488e-04

File Write
2.960763e-03

Total Run
6.525080e-01

Total Step
9.960203e-01
9.968194e-01
9.955840e-01
9.958595e-01
9.963354e-01
9.955426e-01
9.956920e-01
9.957202e-01
9.959581e-01
9.958175e-01

First Drift
4.289020e-05
2.107024e-05
2.118014e-05
2.131052e-05
2.112053e-05
2.111960e-05
2.103951e-05
2.103020e-05
2.106000e-05
2.142973e-05

Compute Force
9.958629e-01
9.967038e-01
9.954735e-01
9.957482e-01
9.962347e-01
9.954189e-01
9.955880e-01
9.956177e-01
9.958444e-01
9.957074e-01

Kick
3.551040e-05
3.485102e-05
3.901031e-05
3.653113e-05
3.647991e-05
3.334973e-05
3.634114e-05
3.368035e-05
3.512111e-05
4.052091e-05

Second Drift
2.225023e-05
2.272986e-05
2.342090e-05
2.240110e-05
2.288073e-05
2.210122e-05
2.236944e-05
2.204999e-05
2.211984e-05
2.237968e-05

--- Configuration ---
nsteps: 10
dt: 1.000000e-04
eps: 5.000000e-02
G: 1.000000e+00
mass: 1.000000e+00
energy_every: 10
energy_tol: 1.000000e-03
kernel_choice: brm8
kinetic0: 5.875944e+07
potential0: -1.165828e+08
max_relative_error: 1.249641e-07
PAPI Cycles
4260372039
4259945030
4260025370
4260208085
4260233402
4259474114
4259770321
4259959385
4260126272
4259952092

PAPI Instructions
5613651741
5613650270
5613650266
5613650266
5613650269
5613650267
5613650267
5613650267
5613650268
5613650265

PAPI L1 Misses
1702425
1700676
1705722
1710806
1700977
1709628
1700251
1701742
1706445
1701569

PAPI L2 Misses
63457
62425
63375
66645
63464
64027
63717
63530
64825
63459

PAPI Vectorial DP
0
0
0
0
0
0
0
0
0
0

File Read
6.219801e-04

File Write
2.140720e-03

Total Run
6.624616e-01

Total Step
1.015113e+00
1.015254e+00
1.014907e+00
1.015188e+00
1.015228e+00
1.014970e+00
1.015130e+00
1.015261e+00
1.016595e+00
1.015155e+00

First Drift
4.301965e-05
2.308097e-05
2.226140e-05
2.336968e-05
2.534967e-05
2.333988e-05
3.065076e-05
2.243090e-05
2.290029e-05
2.830010e-05

Compute Force
1.014951e+00
1.015135e+00
1.014798e+00
1.015064e+00
1.015100e+00
1.014823e+00
1.015010e+00
1.015138e+00
1.016488e+00
1.015041e+00

Kick
3.648084e-05
3.569108e-05
3.485940e-05
3.856979e-05
3.545079e-05
3.491156e-05
3.456045e-05
3.617164e-05
3.493018e-05
3.600959e-05

Second Drift
2.725050e-05
2.651010e-05
2.636109e-05
3.358070e-05
3.642030e-05
3.043003e-05
2.523977e-05
2.697017e-05
2.636109e-05
2.888124e-05

--- Configuration ---
nsteps: 10
dt: 1.000000e-04
eps: 5.000000e-02
G: 1.000000e+00
mass: 1.000000e+00
energy_every: 10
energy_tol: 1.000000e-03
kernel_choice: brm8
kinetic0: 5.875944e+07
potential0: -1.165828e+08
max_relative_error: 1.249641e-07
PAPI Cycles
4267455930
4267864947
4268431686
4267885178
4268602943
4267570856
4267807350
4268307842
4267411470
4268271766

PAPI Instructions
5613651759
5613650286
5613650286
5613650286
5613650284
5613650285
5613650284
5613650292
5613650286
5613650284

PAPI L1 Misses
1688410
1691474
1688433
1691165
1699077
1689979
1689421
1695130
1691200
1691209

PAPI L2 Misses
53133
55030
54864
55345
56532
54890
55187
54267
55313
54769

PAPI Vectorial DP
0
0
0
0
0
0
0
0
0
0

File Read
6.308695e-04

File Write
3.316808e-03

Total Run
6.659796e-01

Total Step
1.018019e+00
1.018184e+00
1.017824e+00
1.019656e+00
1.019538e+00
1.018676e+00
1.020042e+00
1.020266e+00
1.021488e+00
1.022073e+00

First Drift
3.980100e-05
2.314989e-05
2.208073e-05
2.322067e-05
2.305955e-05
2.290122e-05
2.238061e-05
2.350099e-05
2.297107e-05
2.275966e-05

Compute Force
1.017852e+00
1.018071e+00
1.017705e+00
1.019535e+00
1.019418e+00
1.018535e+00
1.019933e+00
1.020142e+00
1.021373e+00
1.021958e+00

Kick
4.336052e-05
3.410131e-05
4.367996e-05
3.538933e-05
3.833137e-05
4.447997e-05
3.599096e-05
3.578980e-05
3.688131e-05
3.711134e-05

Second Drift
2.897065e-05
2.678949e-05
3.085006e-05
3.031082e-05
3.094971e-05
2.594013e-05
2.846960e-05
2.925005e-05
2.837088e-05
2.733991e-05

--- Configuration ---
nsteps: 10
dt: 1.000000e-04
eps: 5.000000e-02
G: 1.000000e+00
mass: 1.000000e+00
energy_every: 10
energy_tol: 1.000000e-03
kernel_choice: brm8
kinetic0: 5.875944e+07
potential0: -1.165828e+08
max_relative_error: 1.249641e-07
PAPI Cycles
4261677019
4262013440
4261920115
4261961528
4261955384
4261746246
4261745663
4261354097
4261554157
4262445335

PAPI Instructions
5613651727
5613650292
5613650289
5613650290
5613650371
5613650292
5613650199
5613650292
5613650293
5613650293

PAPI L1 Misses
2788902
2785882
2787593
2784630
2799366
2791694
2784571
2791452
2790931
2803546

PAPI L2 Misses
48902
52135
50753
51334
53182
55006
52906
55947
53171
55984

PAPI Vectorial DP
0
0
0
0
0
0
0
0
0
0

File Read
6.579906e-04

File Write
2.276134e-03

Total Run
6.733145e-01

Total Step
1.026324e+00
1.026155e+00
1.026175e+00
1.026237e+00
1.025821e+00
1.026372e+00
1.025880e+00
1.027275e+00
1.026315e+00
1.025734e+00

First Drift
4.302990e-05
2.189074e-05
2.200063e-05
2.183020e-05
2.194010e-05
2.198014e-05
2.178084e-05
2.173986e-05
2.183020e-05
2.187025e-05

Compute Force
1.026172e+00
1.026026e+00
1.026072e+00
1.026133e+00
1.025712e+00
1.026237e+00
1.025770e+00
1.027163e+00
1.026162e+00
1.025626e+00

Kick
3.639050e-05
3.843103e-05
3.624987e-05
3.826059e-05
3.431179e-05
3.494136e-05
3.554020e-05
3.491063e-05
7.980131e-05
3.534090e-05

Second Drift
2.280064e-05
3.490970e-05
2.312008e-05
2.298970e-05
3.009010e-05
2.685003e-05
2.663024e-05
2.331100e-05
2.684165e-05
2.606027e-05

--- Configuration ---
nsteps: 10
dt: 1.000000e-04
eps: 5.000000e-02
G: 1.000000e+00
mass: 1.000000e+00
energy_every: 10
energy_tol: 1.000000e-03
kernel_choice: brm8
kinetic0: 5.875944e+07
potential0: -1.165828e+08
max_relative_error: 1.249641e-07
PAPI Cycles
4255528429
4255489550
4255563978
4255456485
4255506101
4255661128
4255475855
4255747151
4255861782
4255217089

PAPI Instructions
5613651772
5613650299
5613650296
5613650297
5613650298
5613650298
5613650302
5613650299
5613650260
5613650295

PAPI L1 Misses
1701821
1699743
1702266
1697548
1701210
1695208
1696997
1698264
1701129
1697777

PAPI L2 Misses
45072
45182
43093
45089
43629
45337
43948
45565
45411
44459

PAPI Vectorial DP
0
0
0
0
0
0
0
0
0
0

