File Read
2.751559e-03

File Write
2.782957e-03

Total Run
1.651533e+01

Total Step
1.163381e+01
1.161221e+01
1.159301e+01
1.162901e+01
1.162725e+01
1.161627e+01
1.160741e+01
1.162845e+01
1.163179e+01
1.161295e+01

First Drift
1.378609e-04
9.059999e-05
9.030104e-05
8.916110e-05
8.921046e-05
8.940138e-05
9.551086e-05
8.923002e-05
8.913130e-05
8.939113e-05

Compute Force
1.163339e+01
1.161188e+01
1.159265e+01
1.162867e+01
1.162691e+01
1.161593e+01
1.160707e+01
1.162809e+01
1.163146e+01
1.161259e+01

Kick
1.320010e-04
1.181513e-04
1.306310e-04
1.361510e-04
1.319414e-04
1.201807e-04
1.333309e-04
1.353109e-04
1.319116e-04
1.439610e-04

Second Drift
8.910056e-05
8.878019e-05
8.920114e-05
8.938089e-05
8.857157e-05
8.822046e-05
8.832105e-05
8.927099e-05
8.855015e-05
8.829124e-05

--- Configuration ---
nsteps: 10
dt: 1.000000e-04
eps: 5.000000e-02
G: 1.000000e+00
mass: 1.000000e+00
energy_every: 10
energy_tol: 1.000000e-03
kernel_choice: m16
kinetic0: 1.469728e+09
potential0: -2.934067e+09
max_relative_error: 4.354343e-08
PAPI Cycles
48600419117
48583725863
48578741969
48579835737
48580230690
48574016717
48589906766
48580239822
48591130942
48579035297

PAPI Instructions
59019113438
59019112221
59019112415
59019112164
59019112160
59019112223
59019112423
59019112163
59019112072
59019112220

PAPI L1 Misses
3777473981
3777239287
3777185113
3777273714
3777266525
3777190550
3777421886
3777285166
3777440354
3777269054

PAPI L2 Misses
38201313
38394465
38019130
37879420
37921993
37828751
38156263
37955980
38139278
37869347

PAPI Vectorial DP
0
0
0
0
0
0
0
0
0
0

