File Read
2.564642e-03

File Write
2.798304e-03

Total Run
1.621908e+01

Total Step
7.657268e+00
7.656192e+00
7.656464e+00
7.656871e+00
7.656291e+00
7.657198e+00
7.656604e+00
7.656103e+00
7.656407e+00
7.656290e+00

First Drift
1.420304e-04
8.678995e-05
8.782186e-05
8.716155e-05
8.730125e-05
8.695014e-05
8.729100e-05
8.689985e-05
8.686073e-05
8.778181e-05

Compute Force
7.656852e+00
7.655855e+00
7.656115e+00
7.656543e+00
7.655967e+00
7.656862e+00
7.656280e+00
7.655766e+00
7.656071e+00
7.655965e+00

Kick
1.309104e-04
1.316722e-04
1.294212e-04
1.301905e-04
1.271907e-04
1.365403e-04
1.274506e-04
1.294408e-04
1.345212e-04
1.287116e-04

Second Drift
9.256136e-05
8.706935e-05
8.775108e-05
8.575059e-05
8.649100e-05
8.696131e-05
8.784048e-05
8.699019e-05
8.765049e-05
8.770917e-05

--- Configuration ---
nsteps: 10
dt: 1.000000e-04
eps: 5.000000e-02
G: 1.000000e+00
mass: 1.000000e+00
energy_every: 10
energy_tol: 1.000000e-03
kernel_choice: m2
kinetic0: 1.469728e+09
potential0: -2.934067e+09
max_relative_error: 4.354343e-08
PAPI Cycles
32770233081
32769921490
32769758551
32769631145
32768870772
32769427374
32770161916
32768690681
32769862452
32769021103

PAPI Instructions
31258309461
31258308187
31258308188
31258308191
31258308186
31258308190
31258308188
31258308187
31258308187
31258308188

PAPI L1 Misses
3753063111
3753058389
3753054261
3753062239
3753058959
3753067740
3753063501
3753059277
3753067839
3753065895

PAPI L2 Misses
7510283
7528722
7523194
7531489
7535003
7535703
7528890
7535571
7550599
7539344

PAPI Vectorial DP
0
0
0
0
0
0
0
0
0
0

