File Read
2.948963e-03

File Write
2.708522e-03

Total Run
1.651923e+01

Total Step
8.057691e+00
8.057439e+00
8.030432e+00
8.056435e+00
8.053521e+00
8.056732e+00
8.056535e+00
8.034453e+00
8.035695e+00
8.040392e+00

First Drift
1.427615e-04
9.701028e-05
8.871965e-05
8.879974e-05
8.931011e-05
8.889101e-05
8.901116e-05
9.021070e-05
8.888170e-05
8.935016e-05

Compute Force
8.057284e+00
8.057099e+00
8.030073e+00
8.056070e+00
8.053175e+00
8.056411e+00
8.056178e+00
8.034117e+00
8.035348e+00
8.040053e+00

Kick
1.240009e-04
1.233211e-04
1.352411e-04
1.462111e-04
1.360318e-04
1.185909e-04
1.367107e-04
1.357412e-04
1.262212e-04
1.381105e-04

Second Drift
8.806121e-05
8.941069e-05
8.811057e-05
1.079217e-04
8.717086e-05
9.144098e-05
9.632111e-05
8.864980e-05
9.655114e-05
9.148102e-05

--- Configuration ---
nsteps: 10
dt: 1.000000e-04
eps: 5.000000e-02
G: 1.000000e+00
mass: 1.000000e+00
energy_every: 10
energy_tol: 1.000000e-03
kernel_choice: m4
kinetic0: 1.469728e+09
potential0: -2.934067e+09
max_relative_error: 4.354343e-08
PAPI Cycles
33688455443
33679330434
33684666520
33681632965
33672499598
33681813981
33684245941
33671621057
33684172071
33673857107

PAPI Instructions
37517309916
37517308582
37517308832
37517308576
37517308575
37517308544
37517308576
37517308624
37517308693
37517308610

PAPI L1 Misses
3756377411
3756353761
3756368754
3756352556
3756335411
3756360882
3756369454
3756338303
3756374480
3756350267

PAPI L2 Misses
12186621
12201926
12189988
12183395
12158462
12195752
12207977
12168312
12190833
12160662

PAPI Vectorial DP
0
0
0
0
0
0
0
0
0
0

