File Read
2.865693e-03

File Write
2.642808e-03

Total Run
1.649892e+01

Total Step
1.058212e+01
1.058387e+01
1.059554e+01
1.059657e+01
1.057369e+01
1.057803e+01
1.058603e+01
1.059431e+01
1.059940e+01
1.057793e+01

First Drift
1.433613e-04
9.302981e-05
9.271130e-05
9.283982e-05
9.247009e-05
9.276066e-05
9.344984e-05
9.248033e-05
9.264145e-05
9.327102e-05

Compute Force
1.058170e+01
1.058352e+01
1.059518e+01
1.059623e+01
1.057333e+01
1.057769e+01
1.058568e+01
1.059397e+01
1.059905e+01
1.057758e+01

Kick
1.316713e-04
1.405207e-04
1.360904e-04
1.207907e-04
1.336318e-04
1.257407e-04
1.334511e-04
1.370618e-04
1.358204e-04
1.287013e-04

Second Drift
9.736046e-05
9.154063e-05
9.259023e-05
9.223074e-05
9.906106e-05
1.009302e-04
1.053307e-04
9.268057e-05
9.336136e-05
9.365100e-05

--- Configuration ---
nsteps: 10
dt: 1.000000e-04
eps: 5.000000e-02
G: 1.000000e+00
mass: 1.000000e+00
energy_every: 10
energy_tol: 1.000000e-03
kernel_choice: m8
kinetic0: 1.469728e+09
potential0: -2.934067e+09
max_relative_error: 4.354343e-08
PAPI Cycles
44290912396
44293854994
44299533398
44298025080
44290439680
44289825423
44302094327
44287912636
44297558922
44287916897

PAPI Instructions
46000012519
46000011255
46000011123
46000011127
46000011174
46000011248
46000011218
46000011121
46000011126
46000011174

PAPI L1 Misses
3771913994
3771909927
3771912935
3771904892
3771902843
3771911493
3771929772
3771868045
3771874166
3771971553

PAPI L2 Misses
45165315
45137449
45790177
45203729
45188001
45290006
45167824
45214151
45248450
44963553

PAPI Vectorial DP
0
0
0
0
0
0
0
0
0
0

File Read
3.001155e-03

File Write
4.023466e-03

Total Run
1.652553e+01

Total Step
1.068755e+01
1.069435e+01
1.070345e+01
1.070457e+01
1.070196e+01
1.068482e+01
1.067594e+01
1.067308e+01
1.067230e+01
1.067426e+01

First Drift
2.081105e-04
8.993037e-05
8.986052e-05
9.022094e-05
9.304099e-05
9.011012e-05
8.941162e-05
8.971151e-05
8.970127e-05
9.153038e-05

Compute Force
1.068705e+01
1.069400e+01
1.070308e+01
1.070387e+01
1.070158e+01
1.068448e+01
1.067558e+01
1.067274e+01
1.067192e+01
1.067392e+01

Kick
1.363615e-04
1.264811e-04
1.370516e-04
3.665034e-04
1.356211e-04
1.385724e-04
1.437608e-04
1.365216e-04
1.582811e-04
1.318408e-04

Second Drift
9.624101e-05
1.060516e-04
9.330083e-05
1.824806e-04
9.684078e-05
9.134132e-05
9.980146e-05
8.898973e-05
1.006611e-04
8.874107e-05

--- Configuration ---
nsteps: 10
dt: 1.000000e-04
eps: 5.000000e-02
G: 1.000000e+00
mass: 1.000000e+00
energy_every: 10
energy_tol: 1.000000e-03
kernel_choice: m8
kinetic0: 1.469728e+09
potential0: -2.934067e+09
max_relative_error: 4.354343e-08
PAPI Cycles
44583010754
44603532810
44602563140
44598623449
44591613550
44565574483
44566708413
44563014070
44562474279
44568338780

PAPI Instructions
46000012485
46000011225
46000011236
46000011234
46000011232
46000011213
46000011204
46000011200
46000011203
46000011203

PAPI L1 Misses
3771299908
3771346818
3771388751
3771368413
3771342924
3771152064
3771169816
3771127037
3771131756
3771156743

PAPI L2 Misses
41958727
55047853
61330569
60328997
45953576
35176632
35246698
35118507
35186818
35167992

PAPI Vectorial DP
0
0
0
0
0
0
0
0
0
0

File Read
3.415920e-03

File Write
4.907003e-03

Total Run
1.651691e+01

Total Step
1.067885e+01
1.067987e+01
1.066055e+01
1.066557e+01
1.067432e+01
1.065063e+01
1.064344e+01
1.068201e+01
1.068191e+01
1.066591e+01

First Drift
1.497827e-04
9.096041e-05
9.436067e-05
1.034709e-04
8.948147e-05
1.263311e-04
1.043510e-04
1.347009e-04
8.932967e-05
1.081908e-04

Compute Force
1.067838e+01
1.067953e+01
1.066019e+01
1.066501e+01
1.067390e+01
1.065023e+01
1.064298e+01
1.068163e+01
1.068155e+01
1.066546e+01

Kick
1.362907e-04
1.239311e-04
1.252024e-04
1.561316e-04
1.783120e-04
1.429506e-04
1.907917e-04
1.327610e-04
1.419215e-04
1.971219e-04

Second Drift
9.014085e-05
9.636115e-05
1.038602e-04
2.667615e-04
1.209211e-04
9.576045e-05
1.439610e-04
8.905958e-05
1.008110e-04
1.140907e-04

--- Configuration ---
nsteps: 10
dt: 1.000000e-04
eps: 5.000000e-02
G: 1.000000e+00
mass: 1.000000e+00
energy_every: 10
energy_tol: 1.000000e-03
kernel_choice: m8
kinetic0: 1.469728e+09
potential0: -2.934067e+09
max_relative_error: 4.354343e-08
PAPI Cycles
44483699093
44477768570
44477992090
44452513533
44494303201
44487201040
44447341478
44490062439
44495953818
44509355384

PAPI Instructions
46000012479
46000011213
46000011191
46000011195
46000011205
46000011178
46000011171
46000011215
46000011213
46000011195

PAPI L1 Misses
3775587991
3775406946
3775512147
3775356332
3775462152
3775607616
3775300054
3775515056
3775556895
3775730115

PAPI L2 Misses
68412124
57776478
38716470
52526875
72162778
42164246
39839484
74299930
72075952
44674355

PAPI Vectorial DP
0
0
0
0
0
0
0
0
0
0

