File Read
2.764614e-03

File Write
2.627786e-03

Total Run
1.652433e+01

Total Step
8.462898e+00
8.448172e+00
8.461838e+00
8.464376e+00
8.462586e+00
8.454916e+00
8.464565e+00
8.468355e+00
8.467248e+00
8.453550e+00

First Drift
1.430213e-04
8.849055e-05
8.921046e-05
8.955970e-05
8.846167e-05
9.144098e-05
8.911081e-05
8.829031e-05
8.874107e-05
8.809101e-05

Compute Force
8.462472e+00
8.447819e+00
8.461415e+00
8.464026e+00
8.462251e+00
8.454558e+00
8.464190e+00
8.468019e+00
8.466881e+00
8.453205e+00

Kick
1.219111e-04
1.421608e-04
1.576822e-04
1.343107e-04
1.195716e-04
1.385715e-04
1.517218e-04
1.357403e-04
1.624823e-04
1.411811e-04

Second Drift
8.881092e-05
9.107031e-05
9.107031e-05
9.304099e-05
8.998066e-05
8.995179e-05
1.115203e-04
8.788053e-05
9.211060e-05
9.019114e-05

--- Configuration ---
nsteps: 10
dt: 1.000000e-04
eps: 5.000000e-02
G: 1.000000e+00
mass: 1.000000e+00
energy_every: 10
energy_tol: 1.000000e-03
kernel_choice: rm16
kinetic0: 1.469728e+09
potential0: -2.934067e+09
max_relative_error: 4.735181e-06
PAPI Cycles
35344589617
35337195709
35340416742
35342525403
35343214363
35339156068
35339015203
35339442212
35345794787
35336668658

PAPI Instructions
63648710260
63648708974
63648708984
63648708987
63648708986
63648708980
63648708983
63648708991
63648708988
63648708978

PAPI L1 Misses
3786984984
3786898141
3786878119
3786934915
3786964925
3787036446
3787042989
3787078702
3787118190
3787007488

PAPI L2 Misses
41218977
37088203
37845632
41372947
41331251
37168330
38665847
43446512
41894570
37093994

PAPI Vectorial DP
0
0
0
0
0
0
0
0
0
0

