File Read
1.384760e-03

File Write
1.049905e-03

Total Run
6.829727e-01

Total Step
7.531129e-01
7.529392e-01
7.524232e-01
7.524245e-01
7.530664e-01
7.535075e-01
7.525384e-01
7.526712e-01
7.526680e-01
7.528552e-01

First Drift
3.887061e-05
2.139993e-05
2.120994e-05
2.119970e-05
2.115965e-05
2.115965e-05
2.127141e-05
2.116058e-05
2.129097e-05
2.119038e-05

Compute Force
7.529686e-01
7.528235e-01
7.523224e-01
7.523226e-01
7.529646e-01
7.534025e-01
7.524415e-01
7.525475e-01
7.525719e-01
7.527566e-01

Kick
3.269035e-05
3.261957e-05
3.279094e-05
3.354065e-05
3.365055e-05
3.357977e-05
3.377069e-05
3.391970e-05
3.412087e-05
3.359001e-05

Second Drift
2.218038e-05
2.203137e-05
2.210028e-05
2.189074e-05
2.174079e-05
2.176035e-05
2.174918e-05
2.184045e-05
2.185069e-05
2.198946e-05

--- Configuration ---
nsteps: 10
dt: 1.000000e-04
eps: 5.000000e-02
G: 1.000000e+00
mass: 1.000000e+00
energy_every: 10
energy_tol: 1.000000e-03
kernel_choice: rm2
kinetic0: 5.875944e+07
potential0: -1.165828e+08
max_relative_error: 1.249641e-07
PAPI Cycles
3221650104
3223457044
3221485275
3221426294
3223930315
3225298119
3221714770
3222089628
3222477001
3222793540

PAPI Instructions
4225962012
4225961262
4225961259
4225961259
4225961262
4225961264
4225961261
4225961259
4225961260
4225961261

PAPI L1 Misses
150317963
150312230
150313295
150311581
150304906
150318363
150316117
150309212
150310879
150311987

PAPI L2 Misses
21977
21359
20719
22015
20808
25892
21737
21353
21265
21537

PAPI Vectorial DP
0
0
0
0
0
0
0
0
0
0

File Read
6.655203e-04

File Write
2.111320e-03

Total Run
6.513329e-01

Total Step
7.532154e-01
7.528564e-01
7.527360e-01
7.529486e-01
7.528565e-01
7.521401e-01
7.524166e-01
7.524497e-01
7.523833e-01
7.539148e-01

First Drift
4.106946e-05
2.181157e-05
2.132915e-05
2.526958e-05
2.126116e-05
2.135988e-05
2.127048e-05
2.153032e-05
2.134126e-05
2.122950e-05

Compute Force
7.530730e-01
7.527452e-01
7.526377e-01
7.528452e-01
7.527568e-01
7.520465e-01
7.523201e-01
7.523267e-01
7.522819e-01
7.538130e-01

Kick
3.555976e-05
3.474951e-05
3.357045e-05
3.392063e-05
3.424007e-05
3.303960e-05
3.257114e-05
3.456045e-05
3.501028e-05
3.388990e-05

Second Drift
2.192054e-05
2.189074e-05
2.189074e-05
2.173055e-05
2.172031e-05
2.168119e-05
2.169050e-05
2.194103e-05
2.187025e-05
2.186000e-05

--- Configuration ---
nsteps: 10
dt: 1.000000e-04
eps: 5.000000e-02
G: 1.000000e+00
mass: 1.000000e+00
energy_every: 10
energy_tol: 1.000000e-03
kernel_choice: rm2
kinetic0: 5.875944e+07
potential0: -1.165828e+08
max_relative_error: 1.249641e-07
PAPI Cycles
3221105989
3219182603
3220652096
3222412394
3219803847
3218395334
3219412269
3219271767
3219021637
3219596538

PAPI Instructions
4225962013
4225961264
4225961260
4225961257
4225961266
4225961261
4225961260
4225961259
4225961260
4225961261

PAPI L1 Misses
150362117
150361783
150362997
150362264
150363717
150361557
150362819
150360804
150363070
150360328

PAPI L2 Misses
47488
44960
45085
44469
47702
45284
45894
45535
45867
46822

PAPI Vectorial DP
0
0
0
0
0
0
0
0
0
0

File Read
6.108489e-04

File Write
1.559863e-03

Total Run
6.512261e-01

Total Step
7.534567e-01
7.530162e-01
7.538371e-01
7.535429e-01
7.531574e-01
7.545462e-01
7.529433e-01
7.536247e-01
7.530491e-01
7.529917e-01

First Drift
4.263129e-05
2.157129e-05
2.172031e-05
2.554990e-05
2.149027e-05
2.187025e-05
2.141017e-05
2.129935e-05
2.143998e-05
2.144091e-05

Compute Force
7.533052e-01
7.528964e-01
7.537282e-01
7.534389e-01
7.530528e-01
7.544350e-01
7.528405e-01
7.535045e-01
7.529451e-01
7.528889e-01

Kick
3.337953e-05
3.475137e-05
3.588106e-05
3.274996e-05
3.360957e-05
3.605988e-05
3.475975e-05
3.353134e-05
3.444031e-05
3.249943e-05

Second Drift
2.260972e-05
2.390984e-05
2.376083e-05
2.330076e-05
2.504978e-05
2.531987e-05
2.205092e-05
2.268981e-05
2.305023e-05
2.198946e-05

--- Configuration ---
nsteps: 10
dt: 1.000000e-04
eps: 5.000000e-02
G: 1.000000e+00
mass: 1.000000e+00
energy_every: 10
energy_tol: 1.000000e-03
kernel_choice: rm2
kinetic0: 5.875944e+07
potential0: -1.165828e+08
max_relative_error: 1.249641e-07
PAPI Cycles
3222824962
3222833592
3223513666
3224957199
3223302878
3222823200
3222528568
3221341720
3222807809
3222777040

PAPI Instructions
4225962012
4225961261
4225961271
4225961258
4225961259
4225961261
4225961261
4225961263
4225961258
4225961259

PAPI L1 Misses
150323960
150322898
150318436
150320079
150321591
150318463
150319561
150320014
150319852
150322337

PAPI L2 Misses
14881
14459
19729
14239
13479
14274
14189
14478
13751
13472

PAPI Vectorial DP
0
0
0
0
0
0
0
0
0
0

File Read
6.384589e-04

File Write
2.006230e-03

Total Run
6.665051e-01

Total Step
7.668235e-01
7.662645e-01
7.654956e-01
7.662433e-01
7.661664e-01
7.661275e-01
7.658430e-01
7.659337e-01
7.658532e-01
7.660717e-01

First Drift
1.575714e-04
2.178922e-05
2.383068e-05
2.344977e-05
2.362952e-05
2.380088e-05
2.314150e-05
2.349075e-05
2.288166e-05
2.270006e-05

Compute Force
7.665503e-01
7.661304e-01
7.653822e-01
7.661137e-01
7.660410e-01
7.659911e-01
7.657053e-01
7.658110e-01
7.657346e-01
7.659484e-01

Kick
4.274119e-05
4.711002e-05
3.542937e-05
4.337076e-05
4.275050e-05
4.326086e-05
4.074071e-05
4.153140e-05
4.180986e-05
4.388113e-05

Second Drift
2.254080e-05
3.136136e-05
2.752058e-05
3.519095e-05
3.010035e-05
2.853014e-05
3.048033e-05
2.877973e-05
2.780091e-05
3.100000e-05

--- Configuration ---
nsteps: 10
dt: 1.000000e-04
eps: 5.000000e-02
G: 1.000000e+00
mass: 1.000000e+00
energy_every: 10
energy_tol: 1.000000e-03
kernel_choice: rm2
kinetic0: 5.875944e+07
potential0: -1.165828e+08
max_relative_error: 1.249641e-07
PAPI Cycles
3220432452
3220268064
3219031734
3221740192
3220391060
3220980436
3219039541
3220008057
3220189292
3220633543

PAPI Instructions
4225962026
4225961275
4225961270
4225961273
4225961274
4225961273
4225961273
4225961275
4225961275
4225961274

PAPI L1 Misses
150381287
150385322
150384624
150379869
150381975
150380455
150378079
150379003
150382395
150379342

PAPI L2 Misses
42923
37225
35932
39594
37047
38062
39167
38881
36799
38631

PAPI Vectorial DP
0
0
0
0
0
0
0
0
0
0

File Read
7.187910e-04

File Write
1.854047e-03

Total Run
6.698551e-01

Total Step
7.730760e-01
7.731744e-01
7.723478e-01
7.723949e-01
7.725912e-01
7.723647e-01
7.741754e-01
7.720514e-01
7.716584e-01
7.727998e-01

First Drift
4.242081e-05
2.348144e-05
2.306979e-05
2.482161e-05
2.341066e-05
2.339110e-05
2.289005e-05
2.380088e-05
2.288073e-05
2.516992e-05

Compute Force
7.729135e-01
7.730520e-01
7.722240e-01
7.722825e-01
7.724720e-01
7.722460e-01
7.740298e-01
7.719372e-01
7.715281e-01
7.726755e-01

Kick
3.571995e-05
3.654044e-05
3.876071e-05
3.676116e-05
3.810041e-05
3.736001e-05
3.722124e-05
3.454089e-05
3.708992e-05
3.599096e-05

Second Drift
2.972968e-05
2.697110e-05
3.348012e-05
2.806075e-05
3.116019e-05
2.783071e-05
3.505964e-05
2.647936e-05
4.125107e-05
3.363937e-05

--- Configuration ---
nsteps: 10
dt: 1.000000e-04
eps: 5.000000e-02
G: 1.000000e+00
mass: 1.000000e+00
energy_every: 10
energy_tol: 1.000000e-03
kernel_choice: rm2
kinetic0: 5.875944e+07
potential0: -1.165828e+08
max_relative_error: 1.249641e-07
PAPI Cycles
3221028971
3221755745
3221275696
3221148174
3221457365
3221220436
3220780005
3219815121
3219076486
3221889775

PAPI Instructions
4225962033
4225961283
4225961279
4225961280
4225961277
4225961280
4225961290
4225961279
4225961276
4225961281

PAPI L1 Misses
150351863
150353036
150350319
150349299
150350232
150349579
150351560
150348020
150351351
150350800

PAPI L2 Misses
2104572
2104051
2105506
2090175
2106756
2088880
2097576
2116729
2121165
2106114

PAPI Vectorial DP
0
0
0
0
0
0
0
0
0
0

