File Read
2.824317e-03

File Write
2.849629e-03

Total Run
1.629408e+01

Total Step
2.224590e+01
2.225038e+01
2.226634e+01
2.227857e+01
2.228732e+01
2.228646e+01
2.228932e+01
2.229386e+01
2.229181e+01
2.229480e+01

First Drift
2.039233e-04
1.179706e-04
1.463611e-04
1.181914e-04
1.179511e-04
1.467802e-04
1.177508e-04
1.186915e-04
1.232410e-04
1.177527e-04

Compute Force
2.224534e+01
2.224989e+01
2.226587e+01
2.227812e+01
2.228683e+01
2.228598e+01
2.228887e+01
2.229340e+01
2.229138e+01
2.229437e+01

Kick
1.611421e-04
1.672916e-04
1.589619e-04
1.686914e-04
1.881020e-04
1.669126e-04
1.596222e-04
1.710216e-04
1.607118e-04
1.618722e-04

Second Drift
1.198715e-04
1.625614e-04
1.200102e-04
1.252117e-04
1.569521e-04
1.193406e-04
1.374315e-04
1.196610e-04
1.188209e-04
1.194114e-04

--- Configuration ---
nsteps: 10
dt: 1.000000e-04
eps: 5.000000e-02
G: 1.000000e+00
mass: 1.000000e+00
energy_every: 10
energy_tol: 1.000000e-03
kernel_choice: rm4
kinetic0: 1.469728e+09
potential0: -2.934067e+09
max_relative_error: 4.354348e-08
PAPI Cycles
95198394823
95226478550
95161466337
95167319765
95169260103
95162351287
95167291567
95166424617
95164911208
95167750166

PAPI Instructions
118132524024
118132522818
118132522829
118132522839
118132522851
118132522847
118132522852
118132522858
118132522849
118132522858

PAPI L1 Misses
3755734398
3755800161
3755711547
3755734056
3755737540
3755743357
3755740999
3755740886
3755740869
3755746640

PAPI L2 Misses
13520844
13662622
13543010
13550771
13532041
13509691
13491978
13510353
13496990
13491416

PAPI Vectorial DP
0
0
0
0
0
0
0
0
0
0

