File Read
2.814948e-03

File Write
2.959710e-03

Total Run
1.640264e+01

Total Step
2.500793e+01
2.503137e+01
2.507386e+01
2.500487e+01
2.510311e+01
2.500633e+01
2.503057e+01
2.507469e+01
2.500441e+01
2.503273e+01

First Drift
1.987722e-04
1.177909e-04
1.241714e-04
1.196116e-04
1.174128e-04
1.177508e-04
1.177210e-04
1.183422e-04
1.176717e-04
1.179511e-04

Compute Force
2.500738e+01
2.503092e+01
2.507342e+01
2.500444e+01
2.510266e+01
2.500590e+01
2.503014e+01
2.507425e+01
2.500399e+01
2.503229e+01

Kick
1.590513e-04
1.588222e-04
1.602918e-04
1.586704e-04
1.731217e-04
1.764521e-04
1.575509e-04
1.569325e-04
1.579812e-04
1.595514e-04

Second Drift
1.192410e-04
1.204507e-04
1.231516e-04
1.190612e-04
1.199609e-04
1.192018e-04
1.195110e-04
1.195008e-04
1.187213e-04
1.288410e-04

--- Configuration ---
nsteps: 10
dt: 1.000000e-04
eps: 5.000000e-02
G: 1.000000e+00
mass: 1.000000e+00
energy_every: 10
energy_tol: 1.000000e-03
kernel_choice: rm8
kinetic0: 1.469728e+09
potential0: -2.934067e+09
max_relative_error: 4.354348e-08
PAPI Cycles
106720307437
106716832698
106719902898
106719874517
106718895434
106720787992
106718275910
106718265955
106719515588
106720359252

PAPI Instructions
129098526805
129098525574
129098525575
129098525580
129098525574
129098525576
129098525574
129098525577
129098525571
129098525576

PAPI L1 Misses
3763723988
3763717129
3763717284
3763715008
3763726014
3763720655
3763728329
3763728886
3763732297
3763743617

PAPI L2 Misses
22348167
22242652
22376490
22272833
22322283
22296606
22302934
22340892
22306826
22331679

PAPI Vectorial DP
0
0
0
0
0
0
0
0
0
0

