File Read
1.137807e+00

File Write
1.991224e-03

Total Run
1.613654e+01

Total Step
4.856125e-02
4.175525e-02
4.130672e-02
4.120875e-02
4.115162e-02
4.108562e-02
4.112811e-02
4.106391e-02
4.109401e-02
4.109582e-02
4.108123e-02
4.118557e-02
4.107790e-02
4.108932e-02
4.109160e-02
4.111995e-02
4.119032e-02
4.110080e-02
4.108783e-02
4.108666e-02
4.113065e-02
4.107114e-02
4.125776e-02
4.107006e-02
4.111178e-02
4.113493e-02
4.110738e-02
4.107844e-02
4.111009e-02
4.107758e-02
4.112201e-02
4.108524e-02
4.110306e-02
4.107319e-02
4.111735e-02
4.109370e-02
4.120112e-02
4.109859e-02
4.113946e-02
4.107776e-02
4.113732e-02
4.108945e-02
4.107082e-02
4.108919e-02
4.108533e-02
4.108960e-02
4.108461e-02
4.107863e-02
4.109043e-02
4.113252e-02
4.117956e-02
4.109565e-02
4.108353e-02
4.107818e-02
4.124506e-02
4.111876e-02
4.108835e-02
4.105598e-02
4.112414e-02
4.133008e-02
4.109049e-02
4.114696e-02
4.106478e-02
4.107316e-02
4.111039e-02
4.116773e-02
4.113203e-02
4.111447e-02
4.109409e-02
4.109947e-02
4.106770e-02
4.108755e-02
4.108021e-02
4.129623e-02
4.110167e-02
4.109566e-02
4.106717e-02
4.117362e-02
4.107522e-02
4.109789e-02
4.109121e-02
4.108561e-02
4.113378e-02
4.112039e-02
4.109315e-02
4.110579e-02
4.107882e-02
4.109383e-02
4.112025e-02
4.112123e-02
4.110692e-02
4.112096e-02
4.109605e-02
4.108926e-02
4.109762e-02
4.106662e-02
4.109352e-02
4.111345e-02
4.123741e-02
4.109398e-02

First Drift
5.739257e-04
4.498009e-05
4.445948e-05
6.049033e-05
4.617125e-05
4.493166e-05
4.488137e-05
4.563108e-05
4.489068e-05
4.447158e-05
4.517101e-05
4.506018e-05
4.460104e-05
4.510116e-05
4.452001e-05
4.478078e-05
4.498009e-05
4.441012e-05
4.477054e-05
4.502013e-05
4.557148e-05
4.498009e-05
4.448090e-05
4.452933e-05
4.520081e-05
4.526973e-05
4.434027e-05
4.543085e-05
4.511047e-05
4.585087e-05
4.456006e-05
4.572142e-05
4.532002e-05
4.489068e-05
4.462991e-05
4.549045e-05
4.555937e-05
4.525017e-05
5.126093e-05
4.443061e-05
4.583970e-05
4.617032e-05
4.515983e-05
4.531164e-05
4.528090e-05
4.546158e-05
4.567951e-05
4.643109e-05
4.493073e-05
4.508998e-05
4.513003e-05
4.510116e-05
4.532002e-05
4.442967e-05
4.514121e-05
4.543085e-05
4.532095e-05
4.532095e-05
4.542992e-05
4.547928e-05
4.453026e-05
4.455168e-05
4.451163e-05
4.427973e-05
4.498102e-05
4.513934e-05
4.437938e-05
4.434027e-05
4.453026e-05
4.478078e-05
4.572049e-05
4.491024e-05
4.500151e-05
4.499033e-05
4.487019e-05
4.487112e-05
4.496053e-05
4.542992e-05
4.545040e-05
4.453026e-05
4.496053e-05
4.538056e-05
5.039014e-05
4.563946e-05
4.522130e-05
4.469138e-05
4.559942e-05
4.528090e-05
4.523993e-05
4.448090e-05
4.453026e-05
4.511047e-05
4.574005e-05
4.459172e-05
4.529115e-05
4.469976e-05
4.479010e-05
4.545972e-05
4.533958e-05
4.504062e-05

Compute Force
4.635895e-02
4.016216e-02
3.971626e-02
3.959998e-02
3.955760e-02
3.949127e-02
3.953545e-02
3.947316e-02
3.951126e-02
3.950846e-02
3.949551e-02
3.959487e-02
3.948130e-02
3.950083e-02
3.949041e-02
3.952858e-02
3.960182e-02
3.951648e-02
3.949827e-02
3.950678e-02
3.953495e-02
3.948567e-02
3.966516e-02
3.948896e-02
3.952179e-02
3.955253e-02
3.950529e-02
3.949900e-02
3.950846e-02
3.949741e-02
3.952100e-02
3.950241e-02
3.950087e-02
3.949206e-02
3.952859e-02
3.951586e-02
3.959553e-02
3.952214e-02
3.953806e-02
3.949294e-02
3.953585e-02
3.949738e-02
3.947018e-02
3.949899e-02
3.949383e-02
3.949680e-02
3.949051e-02
3.948058e-02
3.949583e-02
3.953691e-02
3.958424e-02
3.949875e-02
3.948925e-02
3.949338e-02
3.959631e-02
3.953432e-02
3.949108e-02
3.946792e-02
3.952937e-02
3.973425e-02
3.950092e-02
3.956290e-02
3.948352e-02
3.949465e-02
3.952349e-02
3.956932e-02
3.953584e-02
3.952632e-02
3.949506e-02
3.951449e-02
3.948769e-02
3.949600e-02
3.950300e-02
3.969845e-02
3.951230e-02
3.949432e-02
3.948564e-02
3.957698e-02
3.950097e-02
3.950989e-02
3.951211e-02
3.948706e-02
3.954680e-02
3.951600e-02
3.951206e-02
3.951603e-02
3.948779e-02
3.950416e-02
3.952580e-02
3.952392e-02
3.952822e-02
3.952453e-02
3.951447e-02
3.948836e-02
3.951007e-02
3.947326e-02
3.950261e-02
3.951860e-02
3.963219e-02
3.950315e-02

Kick
7.657148e-05
6.829109e-05
6.713159e-05
6.612111e-05
6.654020e-05
6.415043e-05
7.679127e-05
6.795954e-05
6.429106e-05
6.595999e-05
6.823055e-05
6.496068e-05
7.177144e-05
6.963126e-05
6.871112e-05
6.604102e-05
6.359071e-05
6.397069e-05
7.125083e-05
6.495975e-05
6.845128e-05
7.134024e-05
6.523170e-05
6.545056e-05
6.762147e-05
7.120054e-05
7.322151e-05
6.822124e-05
7.081963e-05
6.694067e-05
7.204153e-05
6.623100e-05
6.810017e-05
6.633159e-05
6.457046e-05
6.313995e-05
7.136073e-05
6.510038e-05
6.949063e-05
6.632134e-05
6.800145e-05
6.620120e-05
7.378124e-05
7.057097e-05
6.487966e-05
7.113162e-05
6.822031e-05
7.130019e-05
6.522145e-05
6.568991e-05
6.515998e-05
6.917119e-05
7.027108e-05
6.418023e-05
6.845128e-05
6.499048e-05
6.585103e-05
6.776024e-05
6.862078e-05
7.584132e-05
7.019006e-05
6.794091e-05
6.535091e-05
6.205030e-05
6.728154e-05
6.609038e-05
7.369090e-05
6.210059e-05
7.918105e-05
6.771088e-05
6.722100e-05
7.250998e-05
6.558932e-05
6.826129e-05
7.333141e-05
7.102080e-05
6.453134e-05
6.789062e-05
6.357022e-05
6.509013e-05
7.127039e-05
6.814115e-05
6.491132e-05
6.833114e-05
6.505102e-05
6.380118e-05
7.272977e-05
6.438047e-05
6.837957e-05
7.167086e-05
6.503984e-05
6.476138e-05
6.423984e-05
6.737094e-05
6.305054e-05
6.693043e-05
6.918050e-05
7.000100e-05
7.462129e-05
6.748922e-05

Second Drift
1.486907e-03
1.479077e-03
1.477477e-03
1.481716e-03
1.480027e-03
1.484557e-03
1.469227e-03
1.476237e-03
1.472266e-03
1.476027e-03
1.471576e-03
1.479937e-03
1.479136e-03
1.472757e-03
1.486907e-03
1.479447e-03
1.478737e-03
1.474447e-03
1.472287e-03
1.469087e-03
1.480557e-03
1.468067e-03
1.481307e-03
1.470337e-03
1.476088e-03
1.464785e-03
1.483257e-03
1.464956e-03
1.484856e-03
1.466816e-03
1.483666e-03
1.470047e-03
1.487797e-03
1.469177e-03
1.478506e-03
1.468437e-03
1.487598e-03
1.464887e-03
1.479916e-03
1.473087e-03
1.486937e-03
1.478607e-03
1.480787e-03
1.473228e-03
1.480507e-03
1.475236e-03
1.479086e-03
1.479156e-03
1.483537e-03
1.483926e-03
1.484297e-03
1.480928e-03
1.477837e-03
1.475256e-03
1.534517e-03
1.472816e-03
1.485277e-03
1.473997e-03
1.480048e-03
1.473158e-03
1.473797e-03
1.471226e-03
1.470877e-03
1.471097e-03
1.473606e-03
1.486207e-03
1.477317e-03
1.480548e-03
1.474417e-03
1.471547e-03
1.466347e-03
1.473037e-03
1.466106e-03
1.483376e-03
1.470367e-03
1.484226e-03
1.471107e-03
1.482387e-03
1.464477e-03
1.477326e-03
1.461917e-03
1.484477e-03
1.470988e-03
1.489475e-03
1.469596e-03
1.480358e-03
1.471858e-03
1.479176e-03
1.467637e-03
1.480256e-03
1.468376e-03
1.485537e-03
1.470856e-03
1.488246e-03
1.478237e-03
1.480427e-03
1.476157e-03
1.478316e-03
1.483717e-03
1.477676e-03

--- Configuration ---
nsteps: 100
dt: 1.000000e-04
eps: 5.000000e-02
G: 1.000000e+00
mass: 1.000000e+00
energy_every: 100
energy_tol: 1.000000e-03
kernel_choice: obrc
kinetic0: 1.469728e+09
potential0: -2.934067e+09
max_relative_error: 7.003164e-05
PAPI Cycles
0
0
0
0
0
0
0
0
0
0
0
0
0
0
0
0
0
0
0
0
0
0
0
0
0
0
0
0
0
0
0
0
0
0
0
0
0
0
0
0
0
0
0
0
0
0
0
0
0
0
0
0
0
0
0
0
0
0
0
0
0
0
0
0
0
0
0
0
0
0
0
0
0
0
0
0
0
0
0
0
0
0
0
0
0
0
0
0
0
0
0
0
0
0
0
0
0
0
0
0

PAPI Instructions
0
0
0
0
0
0
0
0
0
0
0
0
0
0
0
0
0
0
0
0
0
0
0
0
0
0
0
0
0
0
0
0
0
0
0
0
0
0
0
0
0
0
0
0
0
0
0
0
0
0
0
0
0
0
0
0
0
0
0
0
0
0
0
0
0
0
0
0
0
0
0
0
0
0
0
0
0
0
0
0
0
0
0
0
0
0
0
0
0
0
0
0
0
0
0
0
0
0
0
0

PAPI L1 Misses
0
0
0
0
0
0
0
0
0
0
0
0
0
0
0
0
0
0
0
0
0
0
0
0
0
0
0
0
0
0
0
0
0
0
0
0
0
0
0
0
0
0
0
0
0
0
0
0
0
0
0
0
0
0
0
0
0
0
0
0
0
0
0
0
0
0
0
0
0
0
0
0
0
0
0
0
0
0
0
0
0
0
0
0
0
0
0
0
0
0
0
0
0
0
0
0
0
0
0
0

PAPI L2 Misses
0
0
0
0
0
0
0
0
0
0
0
0
0
0
0
0
0
0
0
0
0
0
0
0
0
0
0
0
0
0
0
0
0
0
0
0
0
0
0
0
0
0
0
0
0
0
0
0
0
0
0
0
0
0
0
0
0
0
0
0
0
0
0
0
0
0
0
0
0
0
0
0
0
0
0
0
0
0
0
0
0
0
0
0
0
0
0
0
0
0
0
0
0
0
0
0
0
0
0
0

PAPI Vectorial DP
0
0
0
0
0
0
0
0
0
0
0
0
0
0
0
0
0
0
0
0
0
0
0
0
0
0
0
0
0
0
0
0
0
0
0
0
0
0
0
0
0
0
0
0
0
0
0
0
0
0
0
0
0
0
0
0
0
0
0
0
0
0
0
0
0
0
0
0
0
0
0
0
0
0
0
0
0
0
0
0
0
0
0
0
0
0
0
0
0
0
0
0
0
0
0
0
0
0
0
0

