File Read
9.076667e-01

File Write
1.986982e-03

Total Run
1.614916e+01

Total Step
4.704671e-02
4.091751e-02
3.951962e-02
3.955396e-02
3.949416e-02
3.941980e-02
3.938730e-02
3.941363e-02
3.943006e-02
3.948075e-02
3.940399e-02
3.943521e-02
3.946441e-02
3.942487e-02
3.945742e-02
3.941321e-02
3.971102e-02
3.942931e-02
3.941448e-02
3.941158e-02
3.941550e-02
3.953240e-02
3.951280e-02
3.944320e-02
3.942727e-02
3.943369e-02
3.946415e-02
3.939737e-02
3.941891e-02
3.941650e-02
3.950127e-02
3.940113e-02
3.940700e-02
3.943147e-02
3.940173e-02
3.944947e-02
3.939866e-02
3.948590e-02
3.941925e-02
3.948965e-02
3.940447e-02
3.946143e-02
3.967231e-02
3.940544e-02
3.938997e-02
3.938539e-02
3.943361e-02
3.955510e-02
3.942818e-02
3.944168e-02
3.943180e-02
3.949203e-02
4.045173e-02
3.940003e-02
3.943270e-02
3.939640e-02
3.940535e-02
3.940050e-02
3.940483e-02
3.939590e-02
3.940855e-02
3.952154e-02
3.949860e-02
3.948960e-02
3.944241e-02
3.944121e-02
3.943822e-02
3.947743e-02
3.964755e-02
3.939850e-02
3.940509e-02
3.940292e-02
3.943229e-02
3.955451e-02
3.939201e-02
3.943297e-02
3.976597e-02
3.943763e-02
3.942336e-02
3.942228e-02
3.940019e-02
3.943179e-02
3.940473e-02
3.944134e-02
3.943660e-02
3.939620e-02
3.942227e-02
3.938976e-02
3.951478e-02
3.949425e-02
3.941743e-02
3.942744e-02
3.941005e-02
3.946172e-02
3.966242e-02
3.941609e-02
3.947487e-02
3.959558e-02
3.947306e-02
3.952899e-02

First Drift
3.151457e-03
2.670102e-05
2.664980e-05
2.587028e-05
2.624001e-05
2.572965e-05
2.712943e-05
2.630148e-05
2.632942e-05
2.690963e-05
2.656039e-05
2.569146e-05
2.610032e-05
2.651010e-05
2.565980e-05
2.679043e-05
2.689939e-05
2.722070e-05
2.756994e-05
2.657063e-05
2.666004e-05
2.538040e-05
2.591964e-05
2.596062e-05
2.667122e-05
2.575107e-05
2.599973e-05
2.697017e-05
2.559088e-05
2.659112e-05
2.473127e-05
2.556946e-05
2.590008e-05
2.617110e-05
2.655108e-05
2.571940e-05
2.682023e-05
2.630986e-05
2.595969e-05
2.656039e-05
2.622046e-05
2.619997e-05
2.744980e-05
2.577994e-05
2.622046e-05
2.596993e-05
2.574082e-05
2.663024e-05
2.641976e-05
2.621952e-05
2.587959e-05
2.786983e-05
2.600998e-05
2.688169e-05
2.628099e-05
2.669077e-05
2.632011e-05
2.609007e-05
2.644025e-05
2.600998e-05
2.607144e-05
2.575014e-05
2.656970e-05
2.634991e-05
2.623070e-05
2.625957e-05
2.666004e-05
2.663024e-05
2.602115e-05
2.679974e-05
2.595130e-05
2.668053e-05
2.616085e-05
2.651941e-05
2.685096e-05
2.637040e-05
2.686027e-05
2.674945e-05
2.643000e-05
2.575014e-05
2.632942e-05
2.609007e-05
2.734084e-05
2.664048e-05
2.709962e-05
2.631079e-05
2.651103e-05
2.578925e-05
2.598017e-05
2.606027e-05
2.712943e-05
2.629030e-05
2.689008e-05
2.642069e-05
2.636015e-05
2.584048e-05
2.775993e-05
3.359001e-05
2.662186e-05
2.717040e-05

Compute Force
4.367911e-02
4.080806e-02
3.941510e-02
3.945049e-02
3.939023e-02
3.931000e-02
3.928362e-02
3.930931e-02
3.932652e-02
3.937682e-02
3.930035e-02
3.933293e-02
3.935670e-02
3.932103e-02
3.935442e-02
3.930906e-02
3.959002e-02
3.932321e-02
3.930928e-02
3.930788e-02
3.931188e-02
3.942902e-02
3.940803e-02
3.933985e-02
3.932177e-02
3.932648e-02
3.936060e-02
3.929305e-02
3.931516e-02
3.931304e-02
3.940047e-02
3.929793e-02
3.929891e-02
3.932817e-02
3.929714e-02
3.934609e-02
3.929359e-02
3.934442e-02
3.931710e-02
3.938583e-02
3.930169e-02
3.935097e-02
3.956624e-02
3.930158e-02
3.928699e-02
3.928195e-02
3.932921e-02
3.944958e-02
3.932421e-02
3.933922e-02
3.931938e-02
3.938578e-02
4.034948e-02
3.929535e-02
3.932649e-02
3.929426e-02
3.930157e-02
3.929638e-02
3.929945e-02
3.929128e-02
3.930586e-02
3.941766e-02
3.939458e-02
3.938592e-02
3.933842e-02
3.933786e-02
3.933293e-02
3.937302e-02
3.954364e-02
3.929332e-02
3.930201e-02
3.929796e-02
3.932994e-02
3.944871e-02
3.928730e-02
3.932786e-02
3.966077e-02
3.933405e-02
3.932022e-02
3.931966e-02
3.929548e-02
3.932771e-02
3.929981e-02
3.933008e-02
3.933186e-02
3.929130e-02
3.931828e-02
3.928616e-02
3.939574e-02
3.939160e-02
3.931229e-02
3.932399e-02
3.930629e-02
3.935755e-02
3.955796e-02
3.931214e-02
3.936912e-02
3.948689e-02
3.936156e-02
3.942102e-02

Kick
1.221020e-04
2.870988e-05
2.763048e-05
2.710149e-05
2.683140e-05
2.814084e-05
2.642162e-05
2.815016e-05
2.724957e-05
2.740044e-05
2.693105e-05
2.697017e-05
2.694037e-05
2.821069e-05
2.693944e-05
2.760999e-05
2.667960e-05
2.778973e-05
2.710987e-05
2.737995e-05
2.710149e-05
2.563000e-05
2.933946e-05
2.788100e-05
2.854038e-05
3.213994e-05
2.781022e-05
2.697110e-05
2.801046e-05
2.586097e-05
2.661999e-05
2.659019e-05
3.263913e-05
2.637133e-05
2.710149e-05
2.774969e-05
2.764072e-05
6.415136e-05
2.648961e-05
2.782047e-05
2.667960e-05
2.822001e-05
2.796017e-05
2.838019e-05
2.706051e-05
2.786983e-05
2.809986e-05
2.864096e-05
2.732035e-05
2.643093e-05
3.472995e-05
2.811011e-05
2.753083e-05
2.752151e-05
2.829172e-05
2.567004e-05
2.827030e-05
2.785027e-05
2.864003e-05
2.745073e-05
2.731010e-05
2.767984e-05
2.801977e-05
2.701953e-05
2.841000e-05
2.678018e-05
2.773106e-05
2.796110e-05
2.835039e-05
2.866983e-05
2.727006e-05
2.910942e-05
2.600998e-05
2.881140e-05
2.769940e-05
2.813991e-05
2.746005e-05
2.770033e-05
2.629962e-05
2.779998e-05
2.756063e-05
2.812035e-05
2.694968e-05
2.884027e-05
2.741069e-05
2.758019e-05
2.670940e-05
2.761092e-05
2.842955e-05
2.674945e-05
2.786051e-05
2.713036e-05
2.739020e-05
2.786983e-05
2.855062e-05
2.703071e-05
2.818927e-05
2.518017e-05
2.714060e-05
2.867077e-05

Second Drift
4.976057e-05
5.313009e-05
4.919153e-05
4.967023e-05
4.951004e-05
5.508121e-05
4.887953e-05
4.899967e-05
4.886091e-05
4.877988e-05
4.944950e-05
4.880968e-05
5.386118e-05
4.837103e-05
4.930049e-05
4.895125e-05
6.666034e-05
5.024113e-05
4.936103e-05
4.911143e-05
4.889071e-05
5.127117e-05
4.891120e-05
4.879013e-05
4.930981e-05
4.852097e-05
4.874077e-05
4.898943e-05
4.915055e-05
5.021971e-05
4.855078e-05
5.040038e-05
4.915055e-05
5.013030e-05
4.965067e-05
4.930142e-05
4.929118e-05
5.034078e-05
4.861038e-05
4.862063e-05
4.889071e-05
5.520135e-05
4.970096e-05
4.885066e-05
4.882086e-05
4.856009e-05
4.985090e-05
4.985090e-05
4.967116e-05
4.881155e-05
5.072076e-05
4.946161e-05
4.799012e-05
4.911050e-05
5.115010e-05
4.887115e-05
4.836079e-05
4.904997e-05
4.951097e-05
5.008001e-05
4.860107e-05
4.980061e-05
4.883017e-05
4.931167e-05
4.847068e-05
4.954077e-05
4.984066e-05
4.891958e-05
4.852097e-05
4.872121e-05
4.903041e-05
4.842132e-05
4.889071e-05
4.971959e-05
4.914124e-05
4.984159e-05
4.935078e-05
4.845113e-05
4.972052e-05
4.824065e-05
4.987977e-05
4.839059e-05
4.970096e-05
5.503092e-05
4.942063e-05
5.003996e-05
4.972052e-05
4.876964e-05
5.122088e-05
4.895031e-05
4.914124e-05
4.861131e-05
4.860014e-05
4.897080e-05
4.828069e-05
4.996080e-05
4.825089e-05
4.914962e-05
5.647168e-05
5.062018e-05

--- Configuration ---
nsteps: 100
dt: 1.000000e-04
eps: 5.000000e-02
G: 1.000000e+00
mass: 1.000000e+00
energy_every: 100
energy_tol: 1.000000e-03
kernel_choice: obrc
kinetic0: 1.469728e+09
potential0: -2.934067e+09
max_relative_error: 7.003164e-05
PAPI Cycles
0
0
0
0
0
0
0
0
0
0
0
0
0
0
0
0
0
0
0
0
0
0
0
0
0
0
0
0
0
0
0
0
0
0
0
0
0
0
0
0
0
0
0
0
0
0
0
0
0
0
0
0
0
0
0
0
0
0
0
0
0
0
0
0
0
0
0
0
0
0
0
0
0
0
0
0
0
0
0
0
0
0
0
0
0
0
0
0
0
0
0
0
0
0
0
0
0
0
0
0

PAPI Instructions
0
0
0
0
0
0
0
0
0
0
0
0
0
0
0
0
0
0
0
0
0
0
0
0
0
0
0
0
0
0
0
0
0
0
0
0
0
0
0
0
0
0
0
0
0
0
0
0
0
0
0
0
0
0
0
0
0
0
0
0
0
0
0
0
0
0
0
0
0
0
0
0
0
0
0
0
0
0
0
0
0
0
0
0
0
0
0
0
0
0
0
0
0
0
0
0
0
0
0
0

PAPI L1 Misses
0
0
0
0
0
0
0
0
0
0
0
0
0
0
0
0
0
0
0
0
0
0
0
0
0
0
0
0
0
0
0
0
0
0
0
0
0
0
0
0
0
0
0
0
0
0
0
0
0
0
0
0
0
0
0
0
0
0
0
0
0
0
0
0
0
0
0
0
0
0
0
0
0
0
0
0
0
0
0
0
0
0
0
0
0
0
0
0
0
0
0
0
0
0
0
0
0
0
0
0

PAPI L2 Misses
0
0
0
0
0
0
0
0
0
0
0
0
0
0
0
0
0
0
0
0
0
0
0
0
0
0
0
0
0
0
0
0
0
0
0
0
0
0
0
0
0
0
0
0
0
0
0
0
0
0
0
0
0
0
0
0
0
0
0
0
0
0
0
0
0
0
0
0
0
0
0
0
0
0
0
0
0
0
0
0
0
0
0
0
0
0
0
0
0
0
0
0
0
0
0
0
0
0
0
0

PAPI Vectorial DP
0
0
0
0
0
0
0
0
0
0
0
0
0
0
0
0
0
0
0
0
0
0
0
0
0
0
0
0
0
0
0
0
0
0
0
0
0
0
0
0
0
0
0
0
0
0
0
0
0
0
0
0
0
0
0
0
0
0
0
0
0
0
0
0
0
0
0
0
0
0
0
0
0
0
0
0
0
0
0
0
0
0
0
0
0
0
0
0
0
0
0
0
0
0
0
0
0
0
0
0

