File Read
3.743435e-03

File Write
6.296674e-02

Total Run
1.639869e+01

Total Step
3.427809e+01
3.424314e+01
3.422258e+01
3.438138e+01
3.440081e+01
3.430280e+01
3.432175e+01
3.422533e+01
3.427743e+01
3.429742e+01
3.426893e+01
3.427016e+01
3.423623e+01
3.423958e+01
3.422303e+01
3.422587e+01
3.421682e+01
3.423821e+01
3.419965e+01
3.419477e+01
3.424323e+01
3.424321e+01
3.425091e+01
3.429794e+01
3.428938e+01

First Drift
1.810323e-04
1.800414e-04
1.838915e-04
1.892922e-04
1.812223e-04
1.906920e-04
1.812717e-04
1.815511e-04
1.819218e-04
1.831921e-04
1.825914e-04
1.831716e-04
1.875320e-04
1.815921e-04
1.817811e-04
1.846310e-04
1.861118e-04
1.824815e-04
1.903819e-04
1.830822e-04
2.092021e-04
2.023019e-04
2.501830e-04
2.062526e-04
2.047932e-04

Compute Force
3.427765e+01
3.424272e+01
3.422215e+01
3.438094e+01
3.440039e+01
3.430239e+01
3.432135e+01
3.422493e+01
3.427705e+01
3.429703e+01
3.426855e+01
3.426977e+01
3.423580e+01
3.423916e+01
3.422265e+01
3.422545e+01
3.421643e+01
3.423781e+01
3.419923e+01
3.419438e+01
3.424281e+01
3.424279e+01
3.425046e+01
3.429751e+01
3.428896e+01

Kick
9.064097e-05
8.170120e-05
8.209050e-05
8.307118e-05
8.144043e-05
8.258037e-05
8.189119e-05
8.041132e-05
8.198060e-05
8.093100e-05
7.956941e-05
8.250028e-05
8.877087e-05
8.242112e-05
8.110143e-05
8.228980e-05
8.217059e-05
8.133147e-05
8.090027e-05
8.240994e-05
8.016080e-05
8.243043e-05
8.161925e-05
8.339062e-05
8.280110e-05

Second Drift
8.634105e-05
8.597039e-05
8.636061e-05
8.596107e-05
8.338038e-05
8.650124e-05
8.614082e-05
8.575059e-05
8.631125e-05
8.668099e-05
8.333102e-05
8.637086e-05
8.600112e-05
8.599088e-05
8.673128e-05
8.599088e-05
8.591171e-05
8.588098e-05
8.707028e-05
8.603092e-05
8.533057e-05
8.591078e-05
8.580089e-05
8.671079e-05
8.630101e-05

--- Configuration ---
nsteps: 25
dt: 1.000000e-04
eps: 5.000000e-02
G: 1.000000e+00
mass: 1.000000e+00
energy_every: 1
energy_tol: 1.000000e-03
kernel_choice: n
kinetic0: 1.469728e+09
potential0: -2.934067e+09
PAPI Cycles
145850733996
145853994115
145855187454
145848546110
145852540922
145854035881
145859519237
145855993962
145861132358
145851530754
145852499262
145854732670
145853836663
145846031567
145854553121
145850842930
145849433986
145858893362
145849067684
145852846377
145860954640
145858774696
145863635645
145853783676
145842592345

PAPI Instructions
349998535346
349998534706
349998534696
349998534708
349998534718
349998534711
349998534695
349998534702
349998534705
349998534627
349998534628
349998534713
349998534703
349998534702
349998534680
349998534697
349998534703
349998534713
349998534691
349998534720
349998534713
349998534725
349998534740
349998534729
349998534729

PAPI L1 Misses
12502572289
12502552247
12502559128
12502562304
12502547819
12502559637
12502556811
12502562680
12502558829
12502559340
12502566940
12502566235
12502562094
12502560850
12502559789
12502556814
12502551612
12502542131
12502544758
12502551266
12502555244
12502553146
12502547087
12502559280
12502556722

PAPI L2 Misses
15788585
15772564
15785285
15787433
15762496
15789278
15780271
15781512
15778483
15809717
15797758
15794362
15779087
15792333
15794638
15790265
15786362
15774322
15766914
15778289
15771366
15780660
15775254
15773846
15768728

PAPI Vectorial DP
0
0
0
0
0
0
0
0
0
0
0
0
0
0
0
0
0
0
0
0
0
0
0
0
0

File Read
3.892947e-03

File Write
7.589947e-03

Total Run
1.630523e+01

Total Step
3.419980e+01
3.414620e+01
3.420082e+01
3.416691e+01
3.416532e+01
3.418691e+01
3.414794e+01
3.412587e+01
3.416215e+01
3.411181e+01
3.418989e+01
3.419749e+01
3.414420e+01
3.418535e+01
3.420532e+01
3.416795e+01
3.421580e+01
3.417266e+01
3.416926e+01
3.419698e+01
3.415090e+01
3.418003e+01
3.416616e+01
3.411947e+01
3.412639e+01

First Drift
2.076523e-04
2.062116e-04
2.031624e-04
2.083508e-04
2.048016e-04
2.039326e-04
1.998711e-04
2.078619e-04
2.005016e-04
2.044523e-04
2.011424e-04
2.044523e-04
2.033021e-04
2.037026e-04
2.078712e-04
1.986511e-04
1.963815e-04
2.085324e-04
1.949621e-04
1.960415e-04
1.951223e-04
2.047308e-04
1.898222e-04
1.920518e-04
1.886925e-04

Compute Force
3.419933e+01
3.414574e+01
3.420037e+01
3.416646e+01
3.416487e+01
3.418648e+01
3.414751e+01
3.412545e+01
3.416172e+01
3.411140e+01
3.418946e+01
3.419708e+01
3.414378e+01
3.418491e+01
3.420489e+01
3.416754e+01
3.421539e+01
3.417223e+01
3.416886e+01
3.419658e+01
3.415050e+01
3.417961e+01
3.416575e+01
3.411902e+01
3.412598e+01

Kick
8.146092e-05
8.027069e-05
8.089095e-05
8.091982e-05
8.148979e-05
8.018129e-05
8.041132e-05
8.035079e-05
8.057151e-05
8.019153e-05
8.048024e-05
7.978082e-05
8.148141e-05
8.113123e-05
8.033961e-05
7.953029e-05
8.441042e-05
8.026045e-05
8.007046e-05
8.033030e-05
7.961132e-05
8.114148e-05
8.035172e-05
1.068609e-04
7.972959e-05

Second Drift
8.402113e-05
8.248072e-05
8.293148e-05
8.299109e-05
8.598156e-05
8.251145e-05
8.536968e-05
8.248072e-05
8.303113e-05
8.586142e-05
8.299015e-05
8.340087e-05
8.304045e-05
8.282065e-05
8.278154e-05
8.765142e-05
8.280110e-05
8.319039e-05
8.280110e-05
8.293055e-05
8.424185e-05
8.531101e-05
8.257106e-05
9.822100e-05
8.272100e-05

--- Configuration ---
nsteps: 25
dt: 1.000000e-04
eps: 5.000000e-02
G: 1.000000e+00
mass: 1.000000e+00
energy_every: 1
energy_tol: 1.000000e-03
kernel_choice: n
kinetic0: 1.469728e+09
potential0: -2.934067e+09
PAPI Cycles
145728459701
145711157870
145719895323
145724429480
145720277935
145717628973
145720793823
145723293786
145717321654
145718447762
145728076302
145713959228
145730516725
145734930443
145727060852
145729068537
145725289472
145732066690
145718105898
145722896626
145722312833
145719866462
145729277455
145725067455
145726079267

PAPI Instructions
349998535269
349998534621
349998534622
349998534628
349998534624
349998534624
349998534619
349998534619
349998534621
349998534620
349998534622
349998534623
349998534639
349998534643
349998534652
349998534647
349998534651
349998534641
349998534628
349998534639
349998534630
349998534632
349998534626
349998534635
349998534625

PAPI L1 Misses
12502461603
12502455012
12502457373
12502453243
12502454962
12502458091
12502454163
12502454117
12502456124
12502453132
12502460901
12502456877
12502475275
12502475986
12502478509
12502476777
12502480750
12502473515
12502470824
12502474487
12502466642
12502481319
12502480735
12502482252
12502474065

PAPI L2 Misses
12162072
12154278
12173464
12197024
12170939
12175578
12184452
12168323
12178651
12153820
12170116
12212606
12165354
12173135
12183192
12162214
12156764
12206104
12139034
12192816
12162003
12132975
12193209
12186499
12154777

PAPI Vectorial DP
0
0
0
0
0
0
0
0
0
0
0
0
0
0
0
0
0
0
0
0
0
0
0
0
0

File Read
3.620498e-03

File Write
4.404925e-03

Total Run
1.632837e+01

Total Step
3.411571e+01
3.411667e+01
3.411477e+01
3.411469e+01
3.411312e+01
3.411213e+01
3.411222e+01
3.411179e+01
3.411557e+01
3.411104e+01
3.411214e+01
3.411480e+01
3.411160e+01
3.411352e+01
3.411298e+01
3.411077e+01
3.411069e+01
3.410979e+01
3.411387e+01
3.411078e+01
3.411256e+01
3.411201e+01
3.411112e+01
3.411322e+01
3.411381e+01

First Drift
1.889523e-04
1.927121e-04
1.835022e-04
1.874920e-04
1.869611e-04
1.859423e-04
1.923414e-04
1.915125e-04
1.859320e-04
1.850417e-04
1.853323e-04
1.871511e-04
1.892326e-04
1.886515e-04
1.869323e-04
1.871428e-04
1.851125e-04
1.868010e-04
1.911120e-04
1.829620e-04
1.871223e-04
1.915516e-04
1.845118e-04
1.847120e-04
1.855018e-04

Compute Force
3.411528e+01
3.411624e+01
3.411435e+01
3.411426e+01
3.411270e+01
3.411171e+01
3.411179e+01
3.411137e+01
3.411516e+01
3.411065e+01
3.411165e+01
3.411441e+01
3.411117e+01
3.411310e+01
3.411258e+01
3.411036e+01
3.411030e+01
3.410938e+01
3.411345e+01
3.411038e+01
3.411215e+01
3.411159e+01
3.411073e+01
3.411282e+01
3.411340e+01

Kick
8.218084e-05
8.205045e-05
8.251145e-05
8.188933e-05
8.219108e-05
8.286163e-05
8.136034e-05
8.117966e-05
8.125976e-05
8.108094e-05
8.408073e-05
8.107070e-05
8.237083e-05
8.238107e-05
8.201133e-05
8.182041e-05
8.093007e-05
8.254033e-05
8.219108e-05
8.010119e-05
8.232053e-05
8.168072e-05
8.204021e-05
8.159131e-05
8.248072e-05

Second Drift
8.545164e-05
8.513127e-05
8.569099e-05
8.427072e-05
8.633174e-05
8.555129e-05
9.009056e-05
8.551124e-05
8.565094e-05
8.564070e-05
8.580089e-05
8.556060e-05
8.601043e-05
8.500181e-05
8.578133e-05
8.565094e-05
8.640159e-05
8.542091e-05
8.564070e-05
8.325186e-05
8.542184e-05
8.606073e-05
8.550100e-05
8.528121e-05
8.566119e-05

--- Configuration ---
nsteps: 25
dt: 1.000000e-04
eps: 5.000000e-02
G: 1.000000e+00
mass: 1.000000e+00
energy_every: 1
energy_tol: 1.000000e-03
kernel_choice: n
kinetic0: 1.469728e+09
potential0: -2.934067e+09
PAPI Cycles
145851674365
145862044735
145853269183
145859791205
145853744562
145849445086
145852188365
145846460207
145856311310
145844025828
145849988478
145854743017
145844191867
145850740023
145848361648
145844050090
145850086446
145844658540
145852282536
145848980501
145852989429
145846053579
145846095597
145856274162
145853071487

PAPI Instructions
349998535305
349998534668
349998534664
349998534666
349998534660
349998534661
349998534658
349998534660
349998534576
349998534658
349998534658
349998534662
349998534655
349998534663
349998534570
349998534660
349998534658
349998534659
349998534661
349998534658
349998534659
349998534661
349998534659
349998534658
349998534663

PAPI L1 Misses
12502538042
12502534453
12502543537
12502532822
12502535414
12502534972
12502533745
12502538788
12502534439
12502540303
12502531427
12502529081
12502536553
12502531771
12502532169
12502534116
12502535140
12502537267
12502539636
12502534225
12502623686
12502531160
12502533739
12502534759
12502533893

PAPI L2 Misses
13973094
13985352
13978701
13982292
13970289
13965291
13975768
13960390
13986664
13946336
13960422
13974450
13966536
13973146
13964271
13954267
13967193
13966346
13949435
13960782
13990398
13978741
13965190
13981077
13980109

PAPI Vectorial DP
0
0
0
0
0
0
0
0
0
0
0
0
0
0
0
0
0
0
0
0
0
0
0
0
0

File Read
3.730348e-03

File Write
4.161254e-03

Total Run
1.634219e+01

Total Step
3.409294e+01
3.409287e+01
3.409268e+01
3.409003e+01
3.409141e+01
3.409420e+01
3.409289e+01
3.409254e+01
3.409102e+01
3.409186e+01
3.409270e+01
3.409459e+01
3.409364e+01
3.409050e+01
3.408950e+01
3.409117e+01
3.409201e+01
3.409203e+01
3.408954e+01
3.409112e+01
3.408998e+01
3.409070e+01
3.409132e+01
3.409343e+01
3.409104e+01

First Drift
1.845118e-04
1.828121e-04
1.808023e-04
1.835516e-04
1.842119e-04
1.876326e-04
1.808619e-04
1.828922e-04
2.325624e-04
1.867516e-04
1.816517e-04
1.848219e-04
1.819814e-04
1.903120e-04
1.813620e-04
1.820624e-04
1.859926e-04
1.854021e-04
1.863418e-04
1.831725e-04
1.846310e-04
1.844922e-04
1.828112e-04
1.824321e-04
1.878422e-04

Compute Force
3.409250e+01
3.409244e+01
3.409226e+01
3.408960e+01
3.409098e+01
3.409378e+01
3.409249e+01
3.409213e+01
3.409058e+01
3.409146e+01
3.409230e+01
3.409420e+01
3.409322e+01
3.409008e+01
3.408911e+01
3.409077e+01
3.409161e+01
3.409164e+01
3.408913e+01
3.409071e+01
3.408958e+01
3.409029e+01
3.409093e+01
3.409304e+01
3.409063e+01

Kick
8.268096e-05
8.236058e-05
8.227024e-05
8.254126e-05
8.260086e-05
8.786097e-05
8.224044e-05
8.111075e-05
8.142088e-05
8.167047e-05
8.270144e-05
8.221064e-05
8.286070e-05
8.229073e-05
8.181110e-05
8.017104e-05
8.156989e-05
8.156057e-05
8.280110e-05
8.292124e-05
8.002110e-05
8.176081e-05
8.153077e-05
8.189026e-05
8.219108e-05

Second Drift
9.133108e-05
8.545164e-05
8.594152e-05
8.545071e-05
8.651055e-05
8.629076e-05
8.537155e-05
8.571055e-05
8.558109e-05
8.588098e-05
9.009149e-05
8.615106e-05
8.574128e-05
8.562114e-05
8.588098e-05
8.289050e-05
8.582044e-05
8.568168e-05
8.541066e-05
8.687098e-05
8.523092e-05
9.074155e-05
8.544140e-05
8.575059e-05
8.552056e-05

--- Configuration ---
nsteps: 25
dt: 1.000000e-04
eps: 5.000000e-02
G: 1.000000e+00
mass: 1.000000e+00
energy_every: 1
energy_tol: 1.000000e-03
kernel_choice: n
kinetic0: 1.469728e+09
potential0: -2.934067e+09
PAPI Cycles
145760115757
145760184585
145765415243
145756555052
145762668247
145759024036
145764167643
145761440890
145759659675
145754315491
145761207251
145764826122
145763900046
145751365525
145756141712
145759834226
145762573740
145758986965
145755350667
145754097525
145756158793
145763047466
145760688502
145760406656
145754814628

PAPI Instructions
349998535246
349998534623
349998534607
349998534605
349998534608
349998534611
349998534607
349998534604
349998534603
349998534603
349998534603
349998534607
349998534610
349998534606
349998534601
349998534607
349998534607
349998534607
349998534602
349998534605
349998534603
349998534602
349998534605
349998534607
349998534607

PAPI L1 Misses
12502510525
12502510774
12502509212
12502513565
12502511947
12502510842
12502513790
12502513693
12502507178
12502510890
12502513769
12502510578
12502509961
12502507784
12502503700
12502508078
12502510139
12502512320
12502512546
12502517970
12502516854
12502514319
12502573342
12502505363
12502507622

PAPI L2 Misses
15170636
15195539
15176478
15178639
15181307
15177563
15183822
15178744
15183261
15182265
15187025
15181156
15187819
15179628
15191568
15179273
15183786
15190135
15180950
15179182
15181456
15193171
15151476
15177051
15186196

PAPI Vectorial DP
0
0
0
0
0
0
0
0
0
0
0
0
0
0
0
0
0
0
0
0
0
0
0
0
0

File Read
3.800189e-03

File Write
3.723050e-03

Total Run
1.632052e+01

Total Step
3.418692e+01
3.413553e+01
3.412953e+01
3.418451e+01
3.418192e+01
3.412791e+01
3.413456e+01
3.418592e+01
3.417509e+01
3.418342e+01
3.413008e+01
3.413298e+01
3.418575e+01
3.417851e+01
3.418371e+01
3.413604e+01
3.412946e+01
3.418256e+01
3.416993e+01
3.412197e+01
3.412661e+01
3.412822e+01
3.415112e+01
3.414439e+01
3.412226e+01

First Drift
1.826202e-04
1.830924e-04
1.840619e-04
1.830617e-04
1.829620e-04
1.833616e-04
1.833318e-04
1.814822e-04
1.818417e-04
1.826221e-04
1.838924e-04
1.832424e-04
1.836121e-04
1.817420e-04
1.834612e-04
1.828019e-04
1.838924e-04
1.827618e-04
1.879521e-04
1.796316e-04
1.830319e-04
1.823911e-04
1.878124e-04
1.850417e-04
1.845518e-04

Compute Force
3.418650e+01
3.413510e+01
3.412910e+01
3.418410e+01
3.418150e+01
3.412750e+01
3.413414e+01
3.418551e+01
3.417469e+01
3.418303e+01
3.412970e+01
3.413260e+01
3.418533e+01
3.417809e+01
3.418332e+01
3.413564e+01
3.412907e+01
3.418217e+01
3.416953e+01
3.412157e+01
3.412620e+01
3.412782e+01
3.415072e+01
3.414400e+01
3.412186e+01

Kick
7.948000e-05
7.963181e-05
8.067023e-05
7.984135e-05
7.940084e-05
8.535106e-05
8.058082e-05
8.082110e-05
7.891003e-05
7.941015e-05
7.879082e-05
8.470099e-05
8.120015e-05
7.933099e-05
8.464046e-05
7.975008e-05
7.964112e-05
7.880107e-05
8.064043e-05
7.983111e-05
7.933099e-05
7.895101e-05
8.334965e-05
7.921085e-05
8.210074e-05

Second Drift
8.214079e-05
8.277036e-05
8.581020e-05
8.210074e-05
8.229073e-05
8.209143e-05
9.819120e-05
8.419063e-05
8.438155e-05
8.276105e-05
8.279085e-05
8.335151e-05
8.547120e-05
8.229073e-05
8.223113e-05
8.207094e-05
8.725189e-05
8.397084e-05
8.265022e-05
8.197129e-05
8.534174e-05
8.206069e-05
8.274056e-05
8.690078e-05
8.626096e-05

--- Configuration ---
nsteps: 25
dt: 1.000000e-04
eps: 5.000000e-02
G: 1.000000e+00
mass: 1.000000e+00
energy_every: 1
energy_tol: 1.000000e-03
kernel_choice: n
kinetic0: 1.469728e+09
potential0: -2.934067e+09
PAPI Cycles
145850622386
145849794320
145838295709
145839790770
145848014246
145850524370
145847969780
145847679568
145847818684
145848296763
145848009752
145855765657
145843776780
145844876728
145848347213
145852677591
145852572356
145846186793
145850032434
145846486858
145844476532
145849721510
145843256969
145849240643
145850905318

PAPI Instructions
349998535324
349998534676
349998534677
349998534680
349998534677
349998534677
349998534675
349998534677
349998534668
349998534678
349998534682
349998534681
349998534672
349998534675
349998534675
349998534680
349998534679
349998534681
349998534676
349998534672
349998534669
349998534678
349998534674
349998534676
349998534673

PAPI L1 Misses
12502526549
12502520786
12502524265
12502517959
12502522331
12502524217
12502529570
12502523978
12502524570
12502516755
12502522692
12502522131
12502523263
12502522572
12502523420
12502519135
12502521895
12502522335
12502520760
12502516278
12502524835
12502519870
12502522978
12502521663
12502532725

PAPI L2 Misses
13460375
13458668
13467511
13465959
13467628
13459311
13458200
13468004
13452598
13458776
13461659
13457092
13462001
13463009
13446743
13461350
13455864
13463271
13451223
13458578
13473983
13457952
13459584
13467212
13458098

PAPI Vectorial DP
0
0
0
0
0
0
0
0
0
0
0
0
0
0
0
0
0
0
0
0
0
0
0
0
0

File Read
8.407785e-04

File Write
3.569254e-01

Total Run
6.527639e-01

Total Step
1.368450e+00
1.367765e+00
1.367172e+00
1.366896e+00
1.367098e+00
1.367234e+00
1.366833e+00
1.366805e+00
1.367749e+00
1.366543e+00
1.365820e+00
1.365779e+00
1.366071e+00
1.365987e+00
1.366412e+00
1.367681e+00
1.366279e+00
1.366249e+00
1.366187e+00
1.366457e+00
1.367397e+00
1.366484e+00
1.366178e+00
1.367825e+00
1.366521e+00

First Drift
3.578048e-05
1.742970e-05
1.813006e-05
1.774076e-05
1.753028e-05
1.819991e-05
1.763925e-05
1.830049e-05
1.829956e-05
1.841038e-05
1.814030e-05
1.757033e-05
1.750048e-05
1.819059e-05
1.768023e-05
1.791026e-05
1.801085e-05
1.792982e-05
1.746137e-05
1.739059e-05
1.833960e-05
1.751911e-05
1.756940e-05
1.760013e-05
1.750980e-05

Compute Force
1.368312e+00
1.367693e+00
1.367073e+00
1.366820e+00
1.367018e+00
1.367159e+00
1.366754e+00
1.366727e+00
1.367673e+00
1.366465e+00
1.365739e+00
1.365700e+00
1.365999e+00
1.365910e+00
1.366335e+00
1.367598e+00
1.366206e+00
1.366179e+00
1.366099e+00
1.366381e+00
1.367309e+00
1.366405e+00
1.366101e+00
1.367732e+00
1.366444e+00

Kick
1.730956e-05
1.743063e-05
1.746975e-05
1.719035e-05
1.709070e-05
1.720991e-05
1.727045e-05
1.725927e-05
1.811143e-05
1.733005e-05
1.734961e-05
1.727045e-05
1.772027e-05
1.761131e-05
1.748092e-05
1.705997e-05
1.733005e-05
1.723040e-05
1.758151e-05
1.794100e-05
1.682993e-05
1.713075e-05
1.757033e-05
1.728069e-05
1.741014e-05

Second Drift
1.774076e-05
1.822133e-05
1.766998e-05
1.749955e-05
1.800992e-05
1.766998e-05
1.785997e-05
1.788978e-05
1.828000e-05
1.813006e-05
1.775939e-05
1.772027e-05
1.824088e-05
1.776125e-05
1.768954e-05
1.745950e-05
1.746137e-05
1.758058e-05
1.762062e-05
1.840014e-05
1.762994e-05
1.760107e-05
1.828931e-05
1.777988e-05
1.783948e-05

--- Configuration ---
nsteps: 25
dt: 1.000000e-04
eps: 5.000000e-02
G: 1.000000e+00
mass: 1.000000e+00
energy_every: 25
energy_tol: 1.000000e-03
kernel_choice: n
kinetic0: 5.875944e+07
potential0: -1.165828e+08
PAPI Cycles
5834235249
5835546142
5835000750
5834521931
5835238121
5835501786
5834816984
5835152365
5835733844
5835034424
5833875765
5834082191
5834438589
5834604065
5834925911
5834170070
5834419104
5833197382
5834019639
5835455614
5835500794
5835462134
5835530570
5835084720
5835137933

PAPI Instructions
13999702472
13999701837
13999701836
13999701832
13999701838
13999701832
13999701832
13999701836
13999701834
13999701833
13999701832
13999701831
13999701742
13999701832
13999701831
13999701837
13999701833
13999701834
13999701831
13999701832
13999701835
13999701833
13999701832
13999701837
13999701832

PAPI L1 Misses
500144427
500151635
500152896
500155017
500152195
500156918
500156108
500156208
500152699
500155300
500154704
500154078
500155322
500148043
500157266
500153363
500154007
500150354
500154639
500155630
500155180
500149169
500155204
500154371
500156090

PAPI L2 Misses
5824843
5815393
5822471
5836832
5836870
5822672
5851064
5833436
5854535
5849003
5847101
5867210
5853658
5860390
5841896
5831384
5841793
5827865
5850324
5866367
5835565
5870034
5845704
5850610
5828500

PAPI Vectorial DP
0
0
0
0
0
0
0
0
0
0
0
0
0
0
0
0
0
0
0
0
0
0
0
0
0

File Read
7.963795e-04

File Write
2.132463e-03

Total Run
6.507534e-01

Total Step
1.363964e+00
1.364309e+00
1.364282e+00
1.366074e+00
1.368211e+00
1.366793e+00
1.366616e+00
1.367213e+00
1.367047e+00
1.366959e+00
1.367161e+00
1.366890e+00
1.367760e+00
1.367224e+00
1.366819e+00
1.366412e+00
1.366867e+00
1.366874e+00
1.367040e+00
1.367809e+00
1.366398e+00
1.367537e+00
1.366434e+00
1.366935e+00
1.366595e+00

First Drift
3.528036e-05
1.737010e-05
1.784973e-05
1.817942e-05
1.816917e-05
1.768023e-05
1.815055e-05
1.752004e-05
1.742039e-05
1.814030e-05
1.807977e-05
1.811050e-05
1.833029e-05
1.800060e-05
1.734123e-05
1.814123e-05
1.753028e-05
1.753960e-05
1.810025e-05
1.830980e-05
1.813006e-05
1.843926e-05
1.747999e-05
1.821015e-05
1.806021e-05

Compute Force
1.363833e+00
1.364232e+00
1.364189e+00
1.365994e+00
1.368115e+00
1.366717e+00
1.366544e+00
1.367139e+00
1.366968e+00
1.366886e+00
1.367088e+00
1.366819e+00
1.367687e+00
1.367148e+00
1.366739e+00
1.366323e+00
1.366794e+00
1.366802e+00
1.366957e+00
1.367735e+00
1.366314e+00
1.367460e+00
1.366356e+00
1.366843e+00
1.366516e+00

Kick
1.848955e-05
1.757033e-05
1.736172e-05
1.754984e-05
1.689978e-05
1.764111e-05
1.735985e-05
1.738966e-05
1.704041e-05
1.765043e-05
1.766067e-05
1.766998e-05
1.728069e-05
1.704041e-05
1.822971e-05
1.695007e-05
1.795124e-05
1.739990e-05
1.711026e-05
1.746044e-05
1.734961e-05
1.761038e-05
1.756009e-05
1.746975e-05
1.715031e-05

Second Drift
1.775008e-05
1.800060e-05
1.807977e-05
1.807977e-05
1.754053e-05
1.818966e-05
1.769979e-05
1.737941e-05
1.795962e-05
1.813006e-05
1.816917e-05
1.803041e-05
1.750048e-05
1.765974e-05
1.824088e-05
1.750980e-05
1.756009e-05
1.817010e-05
1.785997e-05
1.826975e-05
1.836009e-05
1.744926e-05
1.824927e-05
1.822971e-05
1.742039e-05

--- Configuration ---
nsteps: 25
dt: 1.000000e-04
eps: 5.000000e-02
G: 1.000000e+00
mass: 1.000000e+00
energy_every: 25
energy_tol: 1.000000e-03
kernel_choice: n
kinetic0: 5.875944e+07
potential0: -1.165828e+08
PAPI Cycles
5833752044
5834706888
5834394179
5834073622
5834395757
5833823644
5833916714
5835202904
5835534466
5833679997
5835148109
5834528044
5833844126
5834781422
5834461621
5833703373
5833810059
5834578138
5834513355
5833528449
5833397265
5834049194
5833531310
5834259351
5834392741

PAPI Instructions
13999702469
13999701831
13999701833
13999701830
13999701834
13999701832
13999701831
13999701832
13999701832
13999701833
13999701832
13999701832
13999701831
13999701833
13999701831
13999701833
13999701833
13999701831
13999701831
13999701833
13999701831
13999701833
13999701833
13999701833
13999701832

PAPI L1 Misses
500146747
500158529
500160747
500161469
500161939
500153713
500158461
500157100
500159886
500157791
500158622
500158742
500160752
500155430
500159237
500157368
500158331
500158050
500158344
500154759
500156803
500158025
500160302
500152818
500161287

PAPI L2 Misses
5715854
5721500
5659858
5621716
5606792
5603352
5654368
5607997
5616944
5663382
5700897
5716039
5726561
5703576
5728427
5727600
5715723
5717916
5708110
5705723
5707465
5634191
5657596
5730922
5721583

PAPI Vectorial DP
0
0
0
0
0
0
0
0
0
0
0
0
0
0
0
0
0
0
0
0
0
0
0
0
0

File Read
7.767882e-04

File Write
2.386096e-03

Total Run
6.517086e-01

Total Step
1.362442e+00
1.365086e+00
1.363940e+00
1.364238e+00
1.364502e+00
1.364931e+00
1.364609e+00
1.364705e+00
1.365203e+00
1.363993e+00
1.364317e+00
1.364619e+00
1.364009e+00
1.364034e+00
1.364366e+00
1.365148e+00
1.365800e+00
1.364990e+00
1.364342e+00
1.366611e+00
1.367361e+00
1.368440e+00
1.367173e+00
1.367817e+00
1.366705e+00

First Drift
4.451163e-05
1.730025e-05
1.801923e-05
1.812074e-05
1.795962e-05
2.245046e-05
1.747999e-05
1.829024e-05
1.816079e-05
1.817010e-05
1.742039e-05
1.827069e-05
1.828000e-05
1.747999e-05
1.823995e-05
1.762994e-05
1.817010e-05
1.743995e-05
1.819991e-05
1.810957e-05
1.839083e-05
1.826975e-05
1.742970e-05
1.813937e-05
1.750980e-05

Compute Force
1.362295e+00
1.365012e+00
1.363838e+00
1.364159e+00
1.364414e+00
1.364852e+00
1.364529e+00
1.364628e+00
1.365133e+00
1.363917e+00
1.364242e+00
1.364538e+00
1.363936e+00
1.363960e+00
1.364287e+00
1.365059e+00
1.365727e+00
1.364911e+00
1.364255e+00
1.366527e+00
1.367267e+00
1.368360e+00
1.367095e+00
1.367732e+00
1.366628e+00

Kick
2.369005e-05
1.776032e-05
1.731049e-05
1.755077e-05
1.704972e-05
1.749955e-05
1.750980e-05
1.780968e-05
1.756009e-05
1.701061e-05
1.752004e-05
2.594013e-05
1.715962e-05
1.708977e-05
1.812074e-05
2.066046e-05
1.708139e-05
1.766998e-05
1.775101e-05
2.626982e-05
1.777988e-05
1.762155e-05
1.768954e-05
1.759082e-05
1.730956e-05

Second Drift
1.747999e-05
1.827162e-05
1.826044e-05
1.762994e-05
1.764018e-05
1.773983e-05
1.815055e-05
1.813937e-05
1.820084e-05
1.768116e-05
1.811981e-05
1.825020e-05
1.775008e-05
1.762994e-05
1.775008e-05
1.816079e-05
1.739059e-05
1.827069e-05
1.799036e-05
1.828931e-05
2.458040e-05
1.756009e-05
1.814030e-05
1.783017e-05
1.758058e-05

--- Configuration ---
nsteps: 25
dt: 1.000000e-04
eps: 5.000000e-02
G: 1.000000e+00
mass: 1.000000e+00
energy_every: 25
energy_tol: 1.000000e-03
kernel_choice: n
kinetic0: 5.875944e+07
potential0: -1.165828e+08
PAPI Cycles
5827803107
5833694792
5833544821
5834281213
5834509836
5834265727
5833344684
5834439915
5832693845
5832929138
5834225559
5834654445
5832145641
5832567327
5833187655
5833762036
5833423503
5834095611
5833011829
5833603550
5833687157
5834615494
5833533746
5834019107
5832932957

PAPI Instructions
13999702470
13999701829
13999701832
13999701833
13999701831
13999701831
13999701832
13999701830
13999701830
13999701833
13999701829
13999701833
13999701829
13999701829
13999701832
13999701830
13999701832
13999701834
13999701829
13999701831
13999701836
13999701833
13999701836
13999701834
13999701832

PAPI L1 Misses
500136810
500150358
500151001
500148326
500146719
500150604
500148595
500150073
500147250
500141289
500151196
500152830
500151061
500146234
500152287
500150910
500146945
500150437
500151958
500151539
500150496
500143864
500141342
500139930
500146994

PAPI L2 Misses
5703820
5736236
5738825
5714599
5707761
5682312
5696513
5677351
5706175
5704583
5719682
5739714
5698834
5729077
5725953
5718711
5716694
5715095
5725133
5705184
5684990
5688174
5666198
5713571
5710108

PAPI Vectorial DP
0
0
0
0
0
0
0
0
0
0
0
0
0
0
0
0
0
0
0
0
0
0
0
0
0

File Read
8.686688e-04

File Write
2.883320e-03

Total Run
6.511551e-01

Total Step
1.363968e+00
1.363014e+00
1.363733e+00
1.364170e+00
1.364579e+00
1.362996e+00
1.363547e+00
1.363537e+00
1.362979e+00
1.363862e+00
1.363881e+00
1.365003e+00
1.363806e+00
1.363730e+00
1.363126e+00
1.363292e+00
1.363320e+00
1.362928e+00
1.363587e+00
1.364629e+00
1.363352e+00
1.364123e+00
1.363293e+00
1.363372e+00
1.363768e+00

First Drift
4.435983e-05
1.745019e-05
1.741014e-05
1.739059e-05
1.819991e-05
1.758058e-05
1.742039e-05
2.298038e-05
1.738966e-05
1.735985e-05
1.815055e-05
1.828000e-05
1.806114e-05
1.749024e-05
1.817010e-05
1.788046e-05
1.750980e-05
1.747161e-05
1.753960e-05
1.735985e-05
1.745112e-05
1.810957e-05
1.736917e-05
1.811050e-05
1.815986e-05

Compute Force
1.363829e+00
1.362943e+00
1.363615e+00
1.364086e+00
1.364489e+00
1.362925e+00
1.363469e+00
1.363454e+00
1.362913e+00
1.363790e+00
1.363805e+00
1.364925e+00
1.363729e+00
1.363653e+00
1.363052e+00
1.363208e+00
1.363247e+00
1.362855e+00
1.363494e+00
1.364547e+00
1.363259e+00
1.364051e+00
1.363217e+00
1.363283e+00
1.363697e+00

Kick
1.736078e-05
1.710001e-05
1.686998e-05
1.753028e-05
1.726020e-05
1.695007e-05
1.684017e-05
1.776963e-05
1.713913e-05
1.697987e-05
1.725927e-05
1.764018e-05
1.727045e-05
1.760107e-05
1.696032e-05
1.738966e-05
1.761969e-05
1.688022e-05
1.720991e-05
1.688022e-05
2.197921e-05
1.768023e-05
1.750980e-05
1.693983e-05
1.688953e-05

Second Drift
1.749024e-05
1.734030e-05
1.749024e-05
1.837034e-05
1.775008e-05
1.764949e-05
1.745019e-05
1.799036e-05
1.752935e-05
1.817942e-05
1.811981e-05
1.826137e-05
1.750980e-05
1.832098e-05
1.772027e-05
1.772959e-05
1.754053e-05
1.751073e-05
1.753028e-05
1.741014e-05
1.821946e-05
1.756009e-05
1.833960e-05
1.756009e-05
1.772027e-05

--- Configuration ---
nsteps: 25
dt: 1.000000e-04
eps: 5.000000e-02
G: 1.000000e+00
mass: 1.000000e+00
energy_every: 25
energy_tol: 1.000000e-03
kernel_choice: n
kinetic0: 5.875944e+07
potential0: -1.165828e+08
PAPI Cycles
5835041517
5829696413
5831940094
5831429935
5830858838
5829604232
5829884817
5832709008
5828633222
5831108008
5830535490
5830873724
5830205242
5829898337
5830285495
5830420009
5830199025
5830254538
5831100722
5830567039
5830249878
5830623755
5829361266
5829506572
5830508982

PAPI Instructions
13999702471
13999701828
13999701831
13999701836
13999701832
13999701829
13999701832
13999701828
13999701829
13999701831
13999701831
13999701832
13999701829
13999701828
13999701831
13999701829
13999701830
13999701831
13999701828
13999701829
13999701832
13999701738
13999701830
13999701832
13999701829

PAPI L1 Misses
500140062
500153582
500154091
500146085
500152203
500145568
500153673
500146705
500151698
500153209
500151688
500154037
500150978
500152561
500153871
500154031
500146702
500152569
500150248
500145745
500152090
500152591
500154291
500153987
500156178

PAPI L2 Misses
5512252
5526231
5469019
5474965
5463736
5494561
5450829
5487292
5470071
5439865
5451300
5472451
5437976
5451481
5461555
5454587
5457947
5470266
5461319
5459557
5459819
5463694
5472055
5469305
5472706

PAPI Vectorial DP
0
0
0
0
0
0
0
0
0
0
0
0
0
0
0
0
0
0
0
0
0
0
0
0
0

File Read
7.939972e-04

File Write
3.025642e-01

Total Run
6.491820e-01

Total Step
1.358641e+00
1.358730e+00
1.359234e+00
1.359194e+00
1.359018e+00
1.359079e+00
1.359333e+00
1.360342e+00
1.359491e+00
1.359705e+00
1.359679e+00
1.359647e+00
1.359611e+00
1.359619e+00
1.359811e+00
1.360470e+00
1.360441e+00
1.362201e+00
1.362332e+00
1.362109e+00
1.362376e+00
1.362866e+00
1.362928e+00
1.361163e+00
1.360693e+00

First Drift
3.818981e-05
1.760945e-05
1.781993e-05
1.745950e-05
1.822971e-05
1.775008e-05
1.804996e-05
1.762062e-05
1.808163e-05
1.752004e-05
1.806021e-05
1.814030e-05
1.765974e-05
1.769140e-05
1.771003e-05
1.760107e-05
1.775939e-05
1.755077e-05
1.761038e-05
1.799967e-05
1.768023e-05
1.806021e-05
1.757964e-05
1.768116e-05
1.832005e-05

Compute Force
1.358508e+00
1.358657e+00
1.359142e+00
1.359120e+00
1.358928e+00
1.358997e+00
1.359256e+00
1.360262e+00
1.359414e+00
1.359623e+00
1.359601e+00
1.359578e+00
1.359538e+00
1.359544e+00
1.359732e+00
1.360379e+00
1.360357e+00
1.362124e+00
1.362244e+00
1.362030e+00
1.362289e+00
1.362792e+00
1.362854e+00
1.361073e+00
1.360620e+00

Kick
1.750048e-05
1.764949e-05
1.749024e-05
1.754984e-05
1.731049e-05
1.767091e-05
1.743995e-05
1.766998e-05
1.745112e-05
1.806114e-05
1.768023e-05
1.729093e-05
1.745950e-05
1.742970e-05
1.749024e-05
1.725182e-05
1.742970e-05
1.730025e-05
1.794938e-05
1.733936e-05
1.779012e-05
1.747999e-05
1.787022e-05
1.775008e-05
1.754146e-05

Second Drift
1.764018e-05
1.758058e-05
1.773052e-05
1.775008e-05
1.762994e-05
1.817103e-05
1.753960e-05
1.826975e-05
1.774076e-05
1.819059e-05
1.802947e-05
1.769047e-05
1.760013e-05
1.763087e-05
1.758989e-05
1.768954e-05
1.737010e-05
1.752004e-05
1.810025e-05
1.758058e-05
1.769979e-05
1.768023e-05
1.812074e-05
2.421066e-05
1.751073e-05

--- Configuration ---
nsteps: 25
dt: 1.000000e-04
eps: 5.000000e-02
G: 1.000000e+00
mass: 1.000000e+00
energy_every: 25
energy_tol: 1.000000e-03
kernel_choice: n
kinetic0: 5.875944e+07
potential0: -1.165828e+08
PAPI Cycles
5809415282
5815611219
5818516883
5818427227
5818475797
5818515036
5818491510
5818599833
5818594921
5818600160
5818638399
5818608426
5818583619
5818490433
5818519309
5816955740
5814510160
5818492102
5818485796
5818519127
5818479776
5817322220
5815735886
5813525336
5813663076

PAPI Instructions
13999702463
13999701823
13999701826
13999701824
13999701828
13999701824
13999701825
13999701823
13999701825
13999701824
13999701826
13999701826
13999701823
13999701824
13999701826
13999701826
13999701824
13999701830
13999701826
13999701826
13999701830
13999701825
13999701826
13999701830
13999701824

PAPI L1 Misses
500129401
500128239
500126167
500129915
500128844
500124888
500124803
500128312
500126251
500138382
500138640
500139692
500138365
500128437
500130930
500133561
500134129
500129150
500132809
500133082
500130002
500129945
500129144
500130254
500133421

PAPI L2 Misses
7023354
7028931
7031261
7037173
7055354
7033076
7023090
7013517
7013708
7042799
7046628
7045582
7042213
7029848
7047429
7023822
7008290
6994051
6970131
6999940
7005647
6989201
6988852
7016098
7035978

PAPI Vectorial DP
0
0
0
0
0
0
0
0
0
0
0
0
0
0
0
0
0
0
0
0
0
0
0
0
0

