File Read
3.006238e-03

File Write
2.839086e-03

Total Run
1.658116e+01

Total Step
7.855085e+00
7.841422e+00
7.846016e+00
7.858567e+00
7.857557e+00
7.854444e+00
7.855682e+00
7.850603e+00
7.849546e+00
7.836657e+00

First Drift
2.000518e-04
1.268107e-04
1.276210e-04
1.504822e-04
1.276210e-04
1.263702e-04
1.267418e-04
1.270808e-04
1.298105e-04
1.273118e-04

Compute Force
7.854559e+00
7.840995e+00
7.845538e+00
7.858127e+00
7.857142e+00
7.854037e+00
7.855248e+00
7.850181e+00
7.849109e+00
7.836245e+00

Kick
1.335014e-04
1.455313e-04
1.474218e-04
1.339223e-04
1.335312e-04
1.340117e-04
1.497809e-04
1.321612e-04
1.420612e-04
1.351014e-04

Second Drift
1.303209e-04
1.331223e-04
1.605107e-04
1.292722e-04
1.298515e-04
1.268405e-04
1.292806e-04
1.356322e-04
1.386609e-04
1.279209e-04

--- Configuration ---
nsteps: 10
dt: 1.000000e-04
eps: 5.000000e-02
G: 1.000000e+00
mass: 1.000000e+00
energy_every: 10
energy_tol: 1.000000e-03
kernel_choice: n
kinetic0: 1.469728e+09
potential0: -2.934067e+09
PAPI Cycles
32760451799
32755078977
32758241911
32748019321
32752447024
32753114309
32751188108
32757518212
32747715549
32752801575

PAPI Instructions
32504909587
32504908349
32504908359
32504908360
32504908365
32504908359
32504908363
32504908358
32504908356
32504908343

PAPI L1 Misses
3753460409
3753434968
3753453542
3753431385
3753425826
3753430134
3753422817
3753436831
3753420230
3753437053

PAPI L2 Misses
9977450
9391143
9414871
9411421
9402759
9403813
9403010
10287117
10348157
9392407

PAPI Vectorial DP
0
0
0
0
0
0
0
0
0
0

File Read
6.695081e-03

File Write
2.720044e-03

Total Run
1.656785e+01

Total Step
7.850486e+00
7.891985e+00
7.829514e+00
7.843818e+00
7.913600e+00
7.857106e+00
7.836669e+00
8.042987e+00
7.851656e+00
7.862693e+00

First Drift
1.595607e-04
8.937065e-05
9.496137e-05
1.075007e-04
8.951034e-05
8.917041e-05
9.469129e-05
9.846129e-05
1.420313e-04
9.000022e-05

Compute Force
7.850039e+00
7.891648e+00
7.829127e+00
7.843452e+00
7.913265e+00
7.856765e+00
7.836317e+00
8.042506e+00
7.851256e+00
7.862274e+00

Kick
1.313211e-04
1.196312e-04
1.270110e-04
1.455713e-04
1.329416e-04
1.284303e-04
1.229709e-04
1.954418e-04
1.374818e-04
1.663622e-04

Second Drift
9.072106e-05
9.793136e-05
1.179809e-04
9.016041e-05
9.010080e-05
1.008306e-04
1.065312e-04
1.516007e-04
9.089056e-05
1.380909e-04

--- Configuration ---
nsteps: 10
dt: 1.000000e-04
eps: 5.000000e-02
G: 1.000000e+00
mass: 1.000000e+00
energy_every: 10
energy_tol: 1.000000e-03
kernel_choice: n
kinetic0: 1.469728e+09
potential0: -2.934067e+09
PAPI Cycles
32744365591
32744655416
32735864309
32737067264
32745324927
32745227094
32734397089
32736604916
32744421658
32746472975

PAPI Instructions
32504909578
32504908356
32504908338
32504908348
32504908364
32504908364
32504908343
32504908349
32504908357
32504908359

PAPI L1 Misses
3752845713
3752824749
3752838169
3752826410
3752812208
3752819322
3752820525
3752814703
3752808291
3752814501

PAPI L2 Misses
10538838
10471615
8295981
8730860
11121187
10581996
8301037
8271655
10804838
10305414

PAPI Vectorial DP
0
0
0
0
0
0
0
0
0
0

File Read
2.983037e-03

File Write
3.690483e-03

Total Run
1.612945e+01

Total Step
7.651380e+00
7.649577e+00
7.649076e+00
7.652673e+00
7.650481e+00
7.650187e+00
7.649531e+00
7.650606e+00
7.648603e+00
7.648655e+00

First Drift
1.428211e-04
8.714106e-05
8.721091e-05
8.707028e-05
9.223167e-05
8.742977e-05
8.718111e-05
8.733012e-05
8.747075e-05
8.716062e-05

Compute Force
7.650965e+00
7.649237e+00
7.648727e+00
7.652341e+00
7.650145e+00
7.649858e+00
7.649199e+00
7.650269e+00
7.648266e+00
7.648319e+00

Kick
1.318809e-04
1.364509e-04
1.302706e-04
1.317905e-04
1.319721e-04
1.330012e-04
1.382316e-04
1.311013e-04
1.309803e-04
1.312615e-04

Second Drift
8.934084e-05
8.821115e-05
8.829124e-05
8.835085e-05
8.814037e-05
8.784141e-05
8.816086e-05
8.850079e-05
8.827075e-05
9.361096e-05

--- Configuration ---
nsteps: 10
dt: 1.000000e-04
eps: 5.000000e-02
G: 1.000000e+00
mass: 1.000000e+00
energy_every: 10
energy_tol: 1.000000e-03
kernel_choice: n
kinetic0: 1.469728e+09
potential0: -2.934067e+09
PAPI Cycles
32742062576
32741009056
32739475996
32742679678
32740672576
32739755383
32741148601
32741750205
32741512244
32740247236

PAPI Instructions
32504909386
32504908163
32504908164
32504908168
32504908165
32504908163
32504908073
32504908165
32504908160
32504908163

PAPI L1 Misses
3752828173
3752822039
3752817006
3752814800
3752823321
3752828864
3752812143
3752805800
3752814526
3752818064

PAPI L2 Misses
8010249
8118017
8037758
7995315
8020829
8008811
8007149
8019632
8022535
8018785

PAPI Vectorial DP
0
0
0
0
0
0
0
0
0
0

File Read
3.072768e-03

File Write
9.211583e-03

Total Run
1.654694e+01

Total Step
7.848463e+00
7.837008e+00
7.836167e+00
7.852412e+00
7.853476e+00
7.828942e+00
7.821292e+00
7.830893e+00
7.885921e+00
7.850376e+00

First Drift
1.488505e-04
9.545125e-05
1.032613e-04
9.035133e-05
9.051152e-05
1.219604e-04
8.973107e-05
1.145108e-04
1.229607e-04
8.954108e-05

Compute Force
7.848036e+00
7.836645e+00
7.835771e+00
7.852073e+00
7.853063e+00
7.828571e+00
7.820898e+00
7.830459e+00
7.885551e+00
7.850043e+00

Kick
1.318706e-04
1.296010e-04
1.473110e-04
1.298608e-04
1.545018e-04
1.272811e-04
1.402926e-04
1.407005e-04
1.280615e-04
1.183711e-04

Second Drift
9.659026e-05
1.118407e-04
1.072213e-04
9.727944e-05
1.383210e-04
9.322073e-05
1.338208e-04
1.446605e-04
9.006076e-05
1.059212e-04

--- Configuration ---
nsteps: 10
dt: 1.000000e-04
eps: 5.000000e-02
G: 1.000000e+00
mass: 1.000000e+00
energy_every: 10
energy_tol: 1.000000e-03
kernel_choice: n
kinetic0: 1.469728e+09
potential0: -2.934067e+09
PAPI Cycles
32713764549
32699687530
32701008153
32711726051
32709401911
32704113170
32704194729
32705694564
32709476617
32711133322

PAPI Instructions
32504909578
32504908335
32504908345
32504908361
32504908365
32504908351
32504908327
32504908339
32504908342
32504908358

PAPI L1 Misses
3753663263
3753663216
3753662293
3753648641
3753650653
3753658678
3753648526
3753658475
3753649383
3753646425

PAPI L2 Misses
11877136
8970664
8964150
12257243
11220223
9417598
8999863
9544689
11035665
11578693

PAPI Vectorial DP
0
0
0
0
0
0
0
0
0
0

File Read
3.128587e-03

File Write
4.041366e-03

Total Run
1.612401e+01

Total Step
7.651346e+00
7.649787e+00
7.651198e+00
7.652736e+00
7.649193e+00
7.647078e+00
7.648105e+00
7.648817e+00
7.648604e+00
7.649071e+00

First Drift
1.409408e-04
8.701067e-05
8.729100e-05
8.718017e-05
8.735992e-05
8.751173e-05
8.713081e-05
8.769054e-05
8.736085e-05
8.702092e-05

Compute Force
7.650921e+00
7.649448e+00
7.650846e+00
7.652410e+00
7.648867e+00
7.646751e+00
7.647776e+00
7.648475e+00
7.648268e+00
7.648741e+00

Kick
1.323707e-04
1.321612e-04
1.316611e-04
1.303209e-04
1.285709e-04
1.313910e-04
1.308015e-04
1.309915e-04
1.310511e-04
1.313509e-04

Second Drift
8.898135e-05
8.849148e-05
8.838996e-05
8.850079e-05
8.886121e-05
8.776039e-05
8.765142e-05
8.802116e-05
8.860044e-05
8.794107e-05

--- Configuration ---
nsteps: 10
dt: 1.000000e-04
eps: 5.000000e-02
G: 1.000000e+00
mass: 1.000000e+00
energy_every: 10
energy_tol: 1.000000e-03
kernel_choice: n
kinetic0: 1.469728e+09
potential0: -2.934067e+09
PAPI Cycles
32729405265
32720921644
32723498550
32733587762
32728852875
32727834146
32728033430
32727917064
32727387424
32727279773

PAPI Instructions
32504909388
32504908164
32504908166
32504908166
32504908165
32504908163
32504908161
32504908163
32504908165
32504908160

PAPI L1 Misses
3753779343
3753775487
3753777100
3753775718
3753783811
3753777565
3753778601
3753768699
3753781645
3753768439

PAPI L2 Misses
9648483
9716080
9609540
9586849
9627955
9708544
9688169
9680864
9705857
9681510

PAPI Vectorial DP
0
0
0
0
0
0
0
0
0
0

File Read
2.957646e-03

File Write
4.114676e-03

Total Run
1.662446e+01

Total Step
7.844673e+00
7.865651e+00
7.947187e+00
7.839281e+00
7.845026e+00
7.860532e+00
7.863001e+00
7.867130e+00
7.842824e+00
7.849552e+00

First Drift
1.373505e-04
1.351712e-04
9.244028e-05
1.460714e-04
1.186216e-04
1.287321e-04
1.321323e-04
9.066053e-05
1.166807e-04
1.155613e-04

Compute Force
7.844135e+00
7.865252e+00
7.946662e+00
7.838845e+00
7.844597e+00
7.859866e+00
7.862609e+00
7.866748e+00
7.842425e+00
7.849184e+00

Kick
1.923721e-04
1.398809e-04
2.039224e-04
1.395717e-04
1.604417e-04
2.007419e-04
1.388006e-04
1.382111e-04
1.321808e-04
1.378804e-04

Second Drift
1.492109e-04
9.413157e-05
1.572324e-04
1.198510e-04
1.264615e-04
3.103418e-04
9.142142e-05
1.245309e-04
1.247805e-04
9.101164e-05

--- Configuration ---
nsteps: 10
dt: 1.000000e-04
eps: 5.000000e-02
G: 1.000000e+00
mass: 1.000000e+00
energy_every: 10
energy_tol: 1.000000e-03
kernel_choice: n
kinetic0: 1.469728e+09
potential0: -2.934067e+09
PAPI Cycles
32752063104
32803985060
32767246831
32758569842
32751603231
32758241522
32774930128
32792979562
32751431858
32752047122

PAPI Instructions
32504909581
32504908381
32504908371
32504908352
32504908359
32504908372
32504908377
32504908383
32504908359
32504908364

PAPI L1 Misses
3753112313
3753107164
3753109707
3753104873
3753107781
3753112575
3753118590
3753107330
3753100450
3753103199

PAPI L2 Misses
8299216
12757875
11278522
8764217
8353781
9920428
10923953
12117309
8389349
8269765

PAPI Vectorial DP
0
0
0
0
0
0
0
0
0
0

