File Read
3.836408e-03

File Write
2.964438e-03

Total Run
1.633015e+01

Total Step
1.871362e+01
1.871038e+01
1.871351e+01
1.871311e+01
1.869365e+01
1.868696e+01
1.870190e+01
1.870268e+01
1.871471e+01
1.871419e+01

First Drift
1.920927e-04
1.629721e-04
1.466218e-04
1.628520e-04
1.443811e-04
1.469115e-04
1.624124e-04
1.620334e-04
1.554023e-04
1.566326e-04

Compute Force
1.871299e+01
1.870984e+01
1.871299e+01
1.871256e+01
1.869314e+01
1.868632e+01
1.870136e+01
1.870214e+01
1.871418e+01
1.871365e+01

Kick
1.827739e-04
1.772521e-04
1.804121e-04
1.784321e-04
1.784116e-04
2.829731e-04
1.782235e-04
1.904918e-04
1.858817e-04
2.031233e-04

Second Drift
1.729624e-04
1.431117e-04
1.549618e-04
1.612324e-04
1.467420e-04
1.665624e-04
1.591220e-04
1.556417e-04
1.468118e-04
1.528123e-04

--- Configuration ---
nsteps: 10
dt: 1.000000e-04
eps: 5.000000e-02
G: 1.000000e+00
mass: 1.000000e+00
energy_every: 10
energy_tol: 1.000000e-03
kernel_choice: t
kinetic0: 1.469728e+09
potential0: -2.934067e+09
PAPI Cycles
79998449610
79988578142
80006804075
80002341834
79934201441
79894737121
79950865569
79958475441
80006786710
80001792098

PAPI Instructions
155000569861
155000569227
155000569223
155000569226
155000569209
155000569198
155000569212
155000569217
155000569225
155000569221

PAPI L1 Misses
6251437699
6251452524
6251464180
6251451629
6251449797
6251453804
6251468720
6251453380
6251459579
6251485394

PAPI L2 Misses
15234645
15259400
15259052
15222833
15256169
15284727
15277082
15225471
15233837
15251281

PAPI Vectorial DP
0
0
0
0
0
0
0
0
0
0

File Read
4.488164e-03

File Write
4.974161e-03

Total Run
1.689468e+01

Total Step
1.930383e+01
1.930421e+01
1.930524e+01
1.931081e+01
1.930230e+01
1.930358e+01
1.930675e+01
1.932205e+01
1.933040e+01
1.934096e+01

First Drift
2.234327e-04
1.198919e-04
1.607118e-04
1.209415e-04
1.790728e-04
1.472328e-04
1.647715e-04
1.385119e-04
1.043212e-04
1.514526e-04

Compute Force
1.930319e+01
1.930367e+01
1.930471e+01
1.931023e+01
1.930171e+01
1.930303e+01
1.930621e+01
1.932157e+01
1.932981e+01
1.934033e+01

Kick
1.972131e-04
1.941714e-04
2.016332e-04
2.222126e-04
2.155025e-04
2.032425e-04
1.919130e-04
1.898026e-04
2.670335e-04
3.039036e-04

Second Drift
1.482619e-04
1.693433e-04
1.238715e-04
1.993030e-04
1.532221e-04
1.635421e-04
1.328019e-04
1.150211e-04
1.685526e-04
1.407526e-04

--- Configuration ---
nsteps: 10
dt: 1.000000e-04
eps: 5.000000e-02
G: 1.000000e+00
mass: 1.000000e+00
energy_every: 10
energy_tol: 1.000000e-03
kernel_choice: t
kinetic0: 1.469728e+09
potential0: -2.934067e+09
PAPI Cycles
80082491239
80086395246
80086548185
80116070168
80085023544
80090942663
80104491045
80095764519
80089291011
80127221439

PAPI Instructions
155000570454
155000569818
155000569820
155000569821
155000569813
155000569818
155000569821
155000569832
155000569846
155000569853

PAPI L1 Misses
6252479094
6252222083
6252157283
6252417969
6252420787
6252390405
6252245678
6252049174
6252239364
6252492868

PAPI L2 Misses
15168958
14990305
14941831
15117048
15109947
15070672
15002258
15058323
15146049
15321198

PAPI Vectorial DP
0
0
0
0
0
0
0
0
0
0

File Read
4.851077e-03

File Write
3.935896e-03

Total Run
1.689016e+01

Total Step
1.931918e+01
1.932891e+01
1.931833e+01
1.932756e+01
1.932737e+01
1.931877e+01
1.932987e+01
1.932005e+01
1.932008e+01
1.931449e+01

First Drift
2.253130e-04
1.979424e-04
2.189232e-04
2.043219e-04
1.887726e-04
1.715822e-04
1.990823e-04
1.396919e-04
1.833718e-04
1.663519e-04

Compute Force
1.931834e+01
1.932818e+01
1.931742e+01
1.932682e+01
1.932670e+01
1.931805e+01
1.932921e+01
1.931938e+01
1.931937e+01
1.931384e+01

Kick
3.194641e-04
2.515139e-04
3.645550e-04
2.372330e-04
2.384027e-04
2.340535e-04
2.221623e-04
2.981341e-04
2.491530e-04
2.360642e-04

Second Drift
2.198936e-04
2.219137e-04
2.832739e-04
2.391841e-04
2.009831e-04
2.708035e-04
1.893733e-04
2.061827e-04
2.251044e-04
2.098931e-04

--- Configuration ---
nsteps: 10
dt: 1.000000e-04
eps: 5.000000e-02
G: 1.000000e+00
mass: 1.000000e+00
energy_every: 10
energy_tol: 1.000000e-03
kernel_choice: t
kinetic0: 1.469728e+09
potential0: -2.934067e+09
PAPI Cycles
80115907415
80153482231
80112255330
80137342856
80136224300
80093233771
80142895217
80103782378
80109923532
80082410441

PAPI Instructions
155000570472
155000569850
155000569839
155000569842
155000569847
155000569840
155000569846
155000569802
155000569843
155000569827

PAPI L1 Misses
6252715055
6252856269
6252543770
6252678020
6252806461
6252826088
6252834225
6252922255
6252820449
6252824382

PAPI L2 Misses
16338082
16599858
16417208
16488479
16575425
16495447
16397234
16672047
16608209
16578566

PAPI Vectorial DP
0
0
0
0
0
0
0
0
0
0

File Read
4.363288e-03

File Write
3.986556e-03

Total Run
1.687302e+01

Total Step
1.929238e+01
1.930653e+01
1.931109e+01
1.931736e+01
1.931851e+01
1.930763e+01
1.930298e+01
1.931913e+01
1.930540e+01
1.930659e+01

First Drift
1.955116e-04
1.538713e-04
9.849947e-05
9.473134e-05
1.616422e-04
9.170081e-05
1.398707e-04
9.289104e-05
9.864103e-05
9.275042e-05

Compute Force
1.929159e+01
1.930592e+01
1.931057e+01
1.931677e+01
1.931797e+01
1.930707e+01
1.930248e+01
1.931864e+01
1.930490e+01
1.930614e+01

Kick
2.543125e-04
2.346719e-04
2.379725e-04
2.361219e-04
2.139825e-04
2.212422e-04
2.043406e-04
2.045427e-04
2.381122e-04
1.935316e-04

Second Drift
2.700416e-04
1.613321e-04
1.361705e-04
2.184920e-04
1.269011e-04
1.981221e-04
1.165112e-04
1.403904e-04
1.235111e-04
1.177918e-04

--- Configuration ---
nsteps: 10
dt: 1.000000e-04
eps: 5.000000e-02
G: 1.000000e+00
mass: 1.000000e+00
energy_every: 10
energy_tol: 1.000000e-03
kernel_choice: t
kinetic0: 1.469728e+09
potential0: -2.934067e+09
PAPI Cycles
79947860825
79998974261
79997014093
80032598776
80035585142
80023536612
79987869447
80051362522
80002692529
80009869012

PAPI Instructions
155000570451
155000569830
155000569829
155000569840
155000569835
155000569861
155000569827
155000569839
155000569860
155000569827

PAPI L1 Misses
6251367988
6251368794
6251376584
6251367631
6251377842
6251414610
6251391578
6251391415
6251376141
6251343596

PAPI L2 Misses
15600970
15605239
15617686
15588798
15603680
15601553
15575359
15579705
15596645
15599799

PAPI Vectorial DP
0
0
0
0
0
0
0
0
0
0

File Read
4.518958e-03

File Write
4.316335e-03

Total Run
1.690388e+01

Total Step
1.934392e+01
1.934584e+01
1.934383e+01
1.934427e+01
1.934159e+01
1.933682e+01
1.933659e+01
1.934051e+01
1.933909e+01
1.934056e+01

First Drift
2.772640e-04
9.321049e-05
9.502098e-05
1.061624e-04
9.608082e-05
9.614229e-05
9.205099e-05
9.459164e-05
9.193271e-05
9.087101e-05

Compute Force
1.934324e+01
1.934534e+01
1.934328e+01
1.934361e+01
1.934107e+01
1.933638e+01
1.933598e+01
1.934007e+01
1.933864e+01
1.934013e+01

Kick
2.100728e-04
2.184827e-04
2.765544e-04
3.569452e-04
2.338737e-04
1.926534e-04
3.018342e-04
2.032518e-04
1.907032e-04
1.959018e-04

Second Drift
1.272419e-04
1.394916e-04
1.372108e-04
1.556026e-04
1.459122e-04
1.159608e-04
1.714919e-04
1.196014e-04
1.228107e-04
1.133308e-04

--- Configuration ---
nsteps: 10
dt: 1.000000e-04
eps: 5.000000e-02
G: 1.000000e+00
mass: 1.000000e+00
energy_every: 10
energy_tol: 1.000000e-03
kernel_choice: t
kinetic0: 1.469728e+09
potential0: -2.934067e+09
PAPI Cycles
80139863851
80143298877
80142965756
80136309578
80135061720
80143145415
80129855845
80144721353
80131142438
80136903407

PAPI Instructions
155000570503
155000569864
155000569859
155000569865
155000569893
155000569857
155000569860
155000569764
155000569860
155000569856

PAPI L1 Misses
6251584304
6251556619
6251539378
6251515818
6251542664
6251506140
6251512937
6251495298
6251485785
6251503093

PAPI L2 Misses
15066052
15074599
14985918
15018958
15042806
14976340
14998088
14988949
15009274
14959220

PAPI Vectorial DP
0
0
0
0
0
0
0
0
0
0

