File Read
2.848732e-03

File Write
2.739871e-03

Total Run
1.653403e+01

Total Step
4.465423e+00
4.469170e+00
4.470105e+00
4.450149e+00
4.463877e+00
4.472799e+00
4.474001e+00
4.471087e+00
4.473489e+00
4.472602e+00

First Drift
1.520012e-04
8.931104e-05
8.907169e-05
8.930173e-05
8.973014e-05
8.985028e-05
8.958112e-05
9.057112e-05
9.017996e-05
8.955039e-05

Compute Force
4.464939e+00
4.468802e+00
4.469719e+00
4.449781e+00
4.463488e+00
4.472416e+00
4.473627e+00
4.470720e+00
4.473121e+00
4.472248e+00

Kick
1.355605e-04
1.244806e-04
1.289910e-04
1.304112e-04
1.304215e-04
1.377510e-04
1.334809e-04
1.278212e-04
1.226710e-04
1.140013e-04

Second Drift
1.390511e-04
1.303609e-04
1.283409e-04
1.255507e-04
1.342809e-04
1.357608e-04
1.313714e-04
1.283409e-04
1.338907e-04
1.301011e-04

--- Configuration ---
nsteps: 10
dt: 1.000000e-04
eps: 5.000000e-02
G: 1.000000e+00
mass: 1.000000e+00
energy_every: 10
energy_tol: 1.000000e-03
kernel_choice: n
kinetic0: 1.469728e+09
potential0: -2.934067e+09
PAPI Cycles
18678931948
18679193244
18675205689
18680554070
18680746403
18677883849
18677567197
18675457830
18677202816
18678311532

PAPI Instructions
17514309879
17514307823
17514307826
17514307942
17514307962
17514307828
17514307828
17514307826
17514307828
17514307825

PAPI L1 Misses
3822876170
3822510473
3822690479
3822638572
3822603919
3822106242
3822464342
3822360942
3822588750
3822569705

PAPI L2 Misses
32675481
32728600
32475227
32654332
32780180
32737602
32751475
32647288
32688871
32687598

PAPI Vectorial DP
0
0
0
0
0
0
0
0
0
0

