File Read
1.260453e-01

File Write
9.885236e-03

Total Run
1.634912e+01

Total Step
3.498041e+01
3.499259e+01
3.498080e+01
3.497623e+01
3.500764e+01
3.500140e+01
3.495853e+01
3.497982e+01
3.495484e+01
3.497904e+01
3.500001e+01
3.493009e+01
3.496710e+01
3.491496e+01
3.499538e+01
3.499973e+01
3.492958e+01
3.496530e+01
3.491730e+01
3.499814e+01
3.501540e+01
3.494611e+01
3.497975e+01
3.493237e+01
3.500259e+01

First Drift
1.885509e-04
1.949724e-04
2.006013e-04
1.970418e-04
1.973920e-04
1.970418e-04
1.920508e-04
1.924727e-04
1.959018e-04
1.954315e-04
1.927223e-04
2.021315e-04
1.972821e-04
1.975223e-04
1.964020e-04
1.955526e-04
1.979722e-04
1.960024e-04
1.942227e-04
1.965119e-04
1.979424e-04
1.932122e-04
2.041627e-04
1.926217e-04
1.945421e-04

Compute Force
3.497981e+01
3.499200e+01
3.498021e+01
3.497564e+01
3.500704e+01
3.500083e+01
3.495797e+01
3.497926e+01
3.495424e+01
3.497846e+01
3.499946e+01
3.492951e+01
3.496652e+01
3.491439e+01
3.499483e+01
3.499916e+01
3.492902e+01
3.496475e+01
3.491674e+01
3.499756e+01
3.501483e+01
3.494556e+01
3.497919e+01
3.493179e+01
3.500205e+01

Kick
1.904620e-04
1.834920e-04
1.908019e-04
1.855223e-04
1.981026e-04
1.877621e-04
1.952220e-04
1.940727e-04
2.003526e-04
1.965817e-04
1.930920e-04
2.032220e-04
1.987107e-04
1.917621e-04
1.993719e-04
1.888312e-04
2.002520e-04
1.942823e-04
1.980020e-04
2.026120e-04
1.932913e-04
2.037119e-04
1.923312e-04
1.940420e-04
1.885826e-04

Second Drift
1.353323e-04
1.388201e-04
1.315316e-04
1.385510e-04
1.326110e-04
1.292918e-04
1.314022e-04
1.332704e-04
1.289910e-04
1.291111e-04
1.258114e-04
1.253206e-04
1.259819e-04
1.269514e-04
1.244312e-04
1.296606e-04
1.210514e-04
1.215013e-04
1.222612e-04
1.195511e-04
1.200614e-04
1.192102e-04
1.190705e-04
1.253104e-04
1.200205e-04

--- Configuration ---
nsteps: 25
dt: 1.000000e-04
eps: 5.000000e-02
G: 1.000000e+00
mass: 1.000000e+00
energy_every: 1
energy_tol: 1.000000e-03
kernel_choice: n
kinetic0: 1.469728e+09
potential0: -2.934067e+09
PAPI Cycles
149209334742
149210043016
149209700224
149207270297
149209224164
149208219977
149204517809
149205833070
149204429309
149204090199
149202438802
149204842644
149204399162
149202145403
149203699452
149202892734
149203854839
149204337960
149204074214
149206170802
149207771272
149207736047
149206833007
149207568274
149206845753

PAPI Instructions
339998636685
339998635465
339998635466
339998635463
339998635462
339998635363
339998635448
339998635440
339998635443
339998635440
339998635343
339998635433
339998635437
339998635433
339998635442
339998635439
339998635346
339998635432
339998635435
339998635445
339998635455
339998635461
339998635450
339998635452
339998635448

PAPI L1 Misses
3753282985
3753283157
3753279089
3753281518
3753283106
3753278263
3753285823
3753275274
3753284600
3753279583
3753275639
3753275025
3753280145
3753275082
3753278677
3753281056
3753281532
3753287908
3753277317
3753290136
3753283226
3753285232
3753284500
3753282711
3753284219

PAPI L2 Misses
7317673
7302563
7342600
7351289
7380253
7373618
7343345
7406491
7364190
7368913
7442268
7389269
7419490
7398593
7397799
7417136
7373321
7446528
7414760
7431845
7451446
7399331
7466337
7402099
7399098

PAPI Vectorial DP
0
0
0
0
0
0
0
0
0
0
0
0
0
0
0
0
0
0
0
0
0
0
0
0
0

File Read
3.031731e-03

File Write
5.465502e-03

Total Run
1.629583e+01

Total Step
3.491236e+01
3.490598e+01
3.494358e+01
3.489226e+01
3.488765e+01
3.492012e+01
3.491538e+01
3.491306e+01
3.488377e+01
3.488015e+01
3.491463e+01
3.491640e+01
3.491311e+01
3.488215e+01
3.488189e+01
3.489570e+01
3.490263e+01
3.489308e+01
3.489062e+01
3.488840e+01
3.489627e+01
3.488506e+01
3.489035e+01
3.488283e+01
3.488621e+01

First Drift
1.962520e-04
1.964420e-04
1.936024e-04
1.957314e-04
1.925016e-04
1.936117e-04
1.937412e-04
1.927018e-04
1.956727e-04
1.989622e-04
1.817020e-04
1.927521e-04
1.891414e-04
1.837220e-04
1.846617e-04
1.831418e-04
1.858221e-04
1.842324e-04
1.863521e-04
1.877323e-04
1.942413e-04
1.834715e-04
1.851115e-04
1.854124e-04
1.869211e-04

Compute Force
3.491176e+01
3.490538e+01
3.494300e+01
3.489167e+01
3.488708e+01
3.491954e+01
3.491484e+01
3.491252e+01
3.488320e+01
3.487956e+01
3.491408e+01
3.491582e+01
3.491252e+01
3.488158e+01
3.488132e+01
3.489513e+01
3.490208e+01
3.489253e+01
3.489005e+01
3.488784e+01
3.489568e+01
3.488451e+01
3.488978e+01
3.488225e+01
3.488566e+01

Kick
1.973920e-04
1.957724e-04
1.973603e-04
1.910515e-04
2.000015e-04
2.051322e-04
1.876224e-04
1.968015e-04
1.994614e-04
1.880117e-04
1.791520e-04
1.849718e-04
1.889914e-04
1.848722e-04
1.937021e-04
1.874510e-04
1.756325e-04
1.803814e-04
1.805518e-04
1.757918e-04
1.903819e-04
1.803413e-04
1.925221e-04
1.843618e-04
1.730816e-04

Second Drift
1.209108e-04
1.214724e-04
1.194403e-04
1.192009e-04
1.187306e-04
1.186607e-04
1.186412e-04
1.190519e-04
1.180908e-04
1.430120e-04
1.473613e-04
1.426414e-04
1.435205e-04
1.401408e-04
1.450013e-04
1.446409e-04
1.500212e-04
1.444118e-04
1.498219e-04
1.461124e-04
1.508817e-04
1.447015e-04
1.398409e-04
1.506917e-04
1.443103e-04

--- Configuration ---
nsteps: 25
dt: 1.000000e-04
eps: 5.000000e-02
G: 1.000000e+00
mass: 1.000000e+00
energy_every: 1
energy_tol: 1.000000e-03
kernel_choice: n
kinetic0: 1.469728e+09
potential0: -2.934067e+09
PAPI Cycles
149155777690
149155434215
149156229387
149155164519
149156170250
149155950282
149155859292
149156241698
149156727426
149157286718
149156826802
149156849994
149157792248
149157144580
149157490705
149156882997
149157653709
149157195711
149157627483
149156550627
149157723960
149157458091
149156816222
149157172590
149157446547

PAPI Instructions
339998636646
339998635418
339998635430
339998635430
339998635435
339998635451
339998635428
339998635431
339998635438
339998635447
339998635448
339998635455
339998635456
339998635435
339998635435
339998635436
339998635444
339998635438
339998635444
339998635445
339998635453
339998635442
339998635447
339998635434
339998635446

PAPI L1 Misses
3753273337
3753282118
3753266998
3753263518
3753269218
3753275018
3753281383
3753268338
3753283230
3753263527
3753280502
3753275652
3753278452
3753260531
3753261747
3753261160
3753265846
3753258884
3753265068
3753266212
3753278295
3753255760
3753265398
3753265349
3753262661

PAPI L2 Misses
7502509
7498327
7473456
7479071
7515372
7459662
7470057
7480424
7473332
7462890
7486005
7449408
7461856
7460281
7466141
7490429
7448871
7453007
7445743
7468734
7461877
7476055
7516621
7461801
7461446

PAPI Vectorial DP
0
0
0
0
0
0
0
0
0
0
0
0
0
0
0
0
0
0
0
0
0
0
0
0
0

File Read
3.123671e-03

File Write
4.393985e-03

Total Run
1.631053e+01

Total Step
3.488977e+01
3.488476e+01
3.488543e+01
3.488500e+01
3.488601e+01
3.488403e+01
3.488505e+01
3.488434e+01
3.488438e+01
3.488408e+01
3.488534e+01
3.488556e+01
3.488533e+01
3.488426e+01
3.488553e+01
3.488370e+01
3.488471e+01
3.488564e+01
3.488718e+01
3.488550e+01
3.488481e+01
3.488564e+01
3.488365e+01
3.488461e+01
3.488503e+01

First Drift
1.951223e-04
1.925621e-04
1.908913e-04
1.943614e-04
1.925118e-04
1.899712e-04
2.027219e-04
1.995116e-04
1.948420e-04
1.958422e-04
1.959018e-04
1.948318e-04
1.945617e-04
1.982721e-04
1.933221e-04
1.947014e-04
1.998926e-04
1.941621e-04
1.955424e-04
1.934711e-04
1.968322e-04
1.953617e-04
1.953226e-04
1.928620e-04
1.956914e-04

Compute Force
3.488918e+01
3.488416e+01
3.488484e+01
3.488443e+01
3.488544e+01
3.488347e+01
3.488450e+01
3.488379e+01
3.488380e+01
3.488352e+01
3.488479e+01
3.488498e+01
3.488476e+01
3.488370e+01
3.488498e+01
3.488314e+01
3.488416e+01
3.488508e+01
3.488661e+01
3.488494e+01
3.488426e+01
3.488508e+01
3.488310e+01
3.488404e+01
3.488448e+01

Kick
1.897924e-04
2.051126e-04
1.925314e-04
1.841420e-04
1.923824e-04
1.945617e-04
1.906622e-04
1.896424e-04
1.938622e-04
1.913914e-04
1.951121e-04
2.088323e-04
1.991624e-04
1.921225e-04
1.939014e-04
1.924019e-04
1.950422e-04
2.011526e-04
1.985729e-04
1.964821e-04
1.891917e-04
1.990516e-04
1.908625e-04
1.963414e-04
1.965016e-04

Second Drift
1.258114e-04
1.192912e-04
1.354311e-04
1.197318e-04
1.201611e-04
1.187315e-04
1.192605e-04
1.192912e-04
1.190603e-04
1.257313e-04
1.189122e-04
1.203911e-04
1.193415e-04
1.186309e-04
1.202011e-04
1.195204e-04
1.197616e-04
1.196908e-04
1.191506e-04
1.237104e-04
1.192708e-04
1.190808e-04
1.187706e-04
1.196312e-04
1.204712e-04

--- Configuration ---
nsteps: 25
dt: 1.000000e-04
eps: 5.000000e-02
G: 1.000000e+00
mass: 1.000000e+00
energy_every: 1
energy_tol: 1.000000e-03
kernel_choice: n
kinetic0: 1.469728e+09
potential0: -2.934067e+09
PAPI Cycles
149154332463
149154272650
149154561577
149152913554
149153151007
149152936830
149153730110
149153772598
149153200505
149153988588
149153499672
149153644443
149153555404
149153173784
149154101322
149153984252
149153512015
149153632952
149154051388
149154142132
149153876733
149153452975
149153421621
149153895119
149153037162

PAPI Instructions
339998636669
339998635441
339998635446
339998635447
339998635449
339998635442
339998635438
339998635441
339998635443
339998635445
339998635443
339998635440
339998635445
339998635440
339998635443
339998635440
339998635442
339998635445
339998635443
339998635445
339998635443
339998635445
339998635441
339998635445
339998635444

PAPI L1 Misses
3754047431
3754049115
3754039135
3754041916
3754039307
3754040819
3754065234
3754043343
3754050510
3754032455
3754046459
3754043011
3754041393
3754033947
3754032612
3754045386
3754045790
3754044425
3754039637
3754036129
3754046053
3754035587
3754035547
3754059314
3754033864

PAPI L2 Misses
7618503
7638508
7618213
7624041
7644167
7621067
7687539
7632234
7637463
7638989
7633137
7649885
7636243
7629131
7617350
7620466
7643184
7645058
7642956
7641324
7642036
7643580
7639991
7649879
7614410

PAPI Vectorial DP
0
0
0
0
0
0
0
0
0
0
0
0
0
0
0
0
0
0
0
0
0
0
0
0
0

File Read
3.124103e-03

File Write
4.109331e-03

Total Run
1.630293e+01

Total Step
3.488894e+01
3.488522e+01
3.488409e+01
3.488301e+01
3.488270e+01
3.488469e+01
3.488298e+01
3.488323e+01
3.488359e+01
3.488341e+01
3.488295e+01
3.488356e+01
3.488372e+01
3.488374e+01
3.493815e+01
3.492701e+01
3.496527e+01
3.495848e+01
3.496882e+01
3.490692e+01
3.491009e+01
3.496597e+01
3.495885e+01
3.495644e+01
3.490025e+01

First Drift
1.997417e-04
1.960220e-04
1.953421e-04
1.947721e-04
1.916317e-04
1.963619e-04
1.979917e-04
1.956020e-04
1.959214e-04
1.939815e-04
1.960415e-04
1.968220e-04
1.938315e-04
1.944015e-04
1.934711e-04
1.913821e-04
1.947116e-04
1.964625e-04
1.953021e-04
1.944220e-04
1.967922e-04
1.929114e-04
1.991820e-04
1.937719e-04
1.949612e-04

Compute Force
3.488836e+01
3.488462e+01
3.488351e+01
3.488242e+01
3.488211e+01
3.488413e+01
3.488244e+01
3.488270e+01
3.488300e+01
3.488286e+01
3.488240e+01
3.488299e+01
3.488316e+01
3.488319e+01
3.493761e+01
3.492645e+01
3.496473e+01
3.495793e+01
3.496826e+01
3.490636e+01
3.490954e+01
3.496543e+01
3.495830e+01
3.495589e+01
3.489971e+01

Kick
1.810323e-04
1.957724e-04
1.858817e-04
1.962129e-04
1.989715e-04
1.872322e-04
1.881709e-04
1.743510e-04
1.998218e-04
1.814719e-04
1.921821e-04
1.931107e-04
1.838822e-04
1.926515e-04
1.868522e-04
1.970222e-04
1.971815e-04
1.950525e-04
1.848815e-04
1.822617e-04
1.846515e-04
1.903921e-04
1.963014e-04
1.852615e-04
1.857514e-04

Second Drift
1.195921e-04
1.179501e-04
1.179622e-04
1.260312e-04
1.180405e-04
1.236713e-04
1.182314e-04
1.184214e-04
1.240810e-04
1.187306e-04
1.178812e-04
1.239711e-04
1.195408e-04
1.177117e-04
1.200922e-04
1.178710e-04
1.181616e-04
1.223916e-04
1.183208e-04
1.179511e-04
1.179809e-04
1.184819e-04
1.180610e-04
1.177108e-04
1.179222e-04

--- Configuration ---
nsteps: 25
dt: 1.000000e-04
eps: 5.000000e-02
G: 1.000000e+00
mass: 1.000000e+00
energy_every: 1
energy_tol: 1.000000e-03
kernel_choice: n
kinetic0: 1.469728e+09
potential0: -2.934067e+09
PAPI Cycles
149147200564
149145619356
149146092847
149145175138
149145594030
149146174543
149144577315
149145072435
149143902423
149145517425
149146146841
149145170360
149145056807
149145186761
149147586468
149147346376
149147234891
149146244015
149146608773
149146124731
149148083656
149146088494
149146599285
149145338395
149146883138

PAPI Instructions
339998636634
339998635409
339998635408
339998635407
339998635407
339998635408
339998635402
339998635406
339998635406
339998635409
339998635416
339998635404
339998635403
339998635405
339998635513
339998635449
339998635437
339998635427
339998635428
339998635434
339998635433
339998635437
339998635434
339998635427
339998635422

PAPI L1 Misses
3753266745
3753252371
3753250016
3753257409
3753244832
3753263042
3753241376
3753245789
3753245317
3753247728
3753259806
3753247164
3753263419
3753248929
3753258478
3753268937
3753264252
3753253539
3753267493
3753271401
3753269054
3753273072
3753256807
3753262706
3753254880

PAPI L2 Misses
7283829
7276567
7268928
7285485
7284990
7272674
7279842
7271662
7288682
7291245
7272242
7318053
7288316
7279324
7248710
7206177
7258008
7248076
7252007
7262303
7227948
7258061
7229813
7240056
7258509

PAPI Vectorial DP
0
0
0
0
0
0
0
0
0
0
0
0
0
0
0
0
0
0
0
0
0
0
0
0
0

File Read
3.133252e-03

File Write
3.942979e-03

Total Run
1.631424e+01

Total Step
3.490525e+01
3.490839e+01
3.490347e+01
3.491394e+01
3.491054e+01
3.489995e+01
3.490470e+01
3.490496e+01
3.490629e+01
3.490148e+01
3.489860e+01
3.490359e+01
3.490256e+01
3.490585e+01
3.489975e+01
3.489866e+01
3.490099e+01
3.490186e+01
3.490355e+01
3.489984e+01
3.490104e+01
3.490249e+01
3.490178e+01
3.490206e+01
3.490160e+01

First Drift
1.938017e-04
1.974320e-04
1.963116e-04
1.911335e-04
1.984220e-04
1.970120e-04
1.952620e-04
1.947619e-04
1.936918e-04
1.935121e-04
1.937626e-04
1.972625e-04
1.949025e-04
2.011415e-04
1.954120e-04
1.957817e-04
1.922818e-04
1.946520e-04
1.981826e-04
1.960322e-04
1.955619e-04
1.972718e-04
1.962315e-04
1.963023e-04
1.949510e-04

Compute Force
3.490467e+01
3.490780e+01
3.490288e+01
3.491337e+01
3.490994e+01
3.489937e+01
3.490414e+01
3.490442e+01
3.490570e+01
3.490090e+01
3.489805e+01
3.490304e+01
3.490198e+01
3.490527e+01
3.489920e+01
3.489810e+01
3.490045e+01
3.490132e+01
3.490298e+01
3.489926e+01
3.490050e+01
3.490196e+01
3.490124e+01
3.490150e+01
3.490104e+01

Kick
1.945719e-04
1.930520e-04
1.930716e-04
1.905728e-04
2.042120e-04
2.047019e-04
1.925826e-04
1.912620e-04
1.928620e-04
2.061315e-04
1.979424e-04
1.870412e-04
1.948019e-04
2.012523e-04
1.922222e-04
1.952127e-04
1.851423e-04
1.948019e-04
1.968620e-04
2.051629e-04
1.815418e-04
1.803609e-04
1.836112e-04
1.859022e-04
2.042223e-04

Second Drift
1.183115e-04
1.190323e-04
1.189401e-04
1.183804e-04
1.180517e-04
1.186421e-04
1.185313e-04
1.183311e-04
1.185909e-04
1.186505e-04
1.190715e-04
1.179911e-04
1.266403e-04
1.182407e-04
1.182212e-04
1.187027e-04
1.185518e-04
1.180209e-04
1.187315e-04
1.187818e-04
1.182603e-04
1.186207e-04
1.181513e-04
1.186607e-04
1.195809e-04

--- Configuration ---
nsteps: 25
dt: 1.000000e-04
eps: 5.000000e-02
G: 1.000000e+00
mass: 1.000000e+00
energy_every: 1
energy_tol: 1.000000e-03
kernel_choice: n
kinetic0: 1.469728e+09
potential0: -2.934067e+09
PAPI Cycles
149179645163
149177551691
149175653600
149177339700
149178174599
149176934435
149176865572
149177910147
149176415976
149176450313
149175487157
149175948344
149175114916
149176265604
149174942637
149176112834
149177051774
149174874352
149177721796
149176862524
149176676751
149175117391
149176015909
149176524896
149177952443

PAPI Instructions
339998636682
339998635465
339998635458
339998635457
339998635455
339998635448
339998635451
339998635449
339998635450
339998635449
339998635445
339998635449
339998635450
339998635452
339998635451
339998635447
339998635447
339998635446
339998635449
339998635449
339998635452
339998635451
339998635448
339998635456
339998635457

PAPI L1 Misses
3753372163
3753362585
3753364506
3753360624
3753364301
3753371662
3753368880
3753367028
3753358075
3753352583
3753359716
3753359980
3753369340
3753365812
3753359611
3753365213
3753368043
3753364974
3753363376
3753357974
3753357511
3753359941
3753364415
3753358321
3753362836

PAPI L2 Misses
7264007
7263732
7306368
7289633
7280785
7268948
7267395
7280929
7264659
7303810
7266905
7304375
7305355
7299911
7309512
7277415
7305273
7296882
7309425
7303984
7300197
7263040
7284927
7275658
7273626

PAPI Vectorial DP
0
0
0
0
0
0
0
0
0
0
0
0
0
0
0
0
0
0
0
0
0
0
0
0
0

