File Read
5.961577e-02

File Write
1.010704e-02

Total Run
1.628555e+01

Total Step
1.872249e+01
1.870572e+01
1.872363e+01
1.870333e+01
1.869396e+01
1.871293e+01
1.869354e+01
1.873232e+01
1.869164e+01
1.872546e+01
1.870541e+01
1.873157e+01
1.870486e+01
1.877288e+01
1.871273e+01
1.870031e+01
1.871727e+01
1.870089e+01
1.873451e+01
1.871620e+01
1.875175e+01
1.870112e+01
1.875321e+01
1.871776e+01
1.870557e+01

First Drift
1.811720e-04
2.028216e-04
2.007922e-04
2.112314e-04
2.072621e-04
2.044914e-04
2.044821e-04
2.060719e-04
1.956215e-04
2.081925e-04
2.094014e-04
2.086321e-04
2.094619e-04
2.105320e-04
2.214322e-04
2.125623e-04
2.127215e-04
2.115723e-04
2.108626e-04
2.197027e-04
3.131535e-04
2.199113e-04
2.039121e-04
2.273917e-04
2.554925e-04

Compute Force
1.872187e+01
1.870508e+01
1.872300e+01
1.870267e+01
1.869333e+01
1.871229e+01
1.869291e+01
1.873173e+01
1.869104e+01
1.872481e+01
1.870478e+01
1.873096e+01
1.870423e+01
1.877225e+01
1.871211e+01
1.869970e+01
1.871664e+01
1.870026e+01
1.873389e+01
1.871556e+01
1.875104e+01
1.870049e+01
1.875258e+01
1.871710e+01
1.870494e+01

Kick
2.153721e-04
2.066819e-04
2.148822e-04
2.065524e-04
2.076216e-04
2.087625e-04
2.101315e-04
1.962818e-04
2.113916e-04
2.071820e-04
2.044719e-04
2.102312e-04
2.072919e-04
2.193423e-04
2.130922e-04
2.120221e-04
2.103122e-04
2.135523e-04
2.073627e-04
2.230722e-04
2.046125e-04
2.170512e-04
2.088016e-04
2.307417e-04
1.915917e-04

Second Drift
1.536710e-04
1.539318e-04
1.481110e-04
1.808014e-04
1.655221e-04
1.536813e-04
1.601521e-04
1.381421e-04
1.497623e-04
1.753513e-04
1.626918e-04
1.538210e-04
1.568720e-04
1.559723e-04
1.527714e-04
1.491606e-04
1.472607e-04
1.539122e-04
1.547216e-04
1.565004e-04
1.441017e-04
1.532910e-04
1.633614e-04
1.635123e-04
1.460416e-04

--- Configuration ---
nsteps: 25
dt: 1.000000e-04
eps: 5.000000e-02
G: 1.000000e+00
mass: 1.000000e+00
energy_every: 1
energy_tol: 1.000000e-03
kernel_choice: t
kinetic0: 1.469728e+09
potential0: -2.934067e+09
PAPI Cycles
79775583914
79781487007
79778389532
79784754836
79785548495
79786772637
79776705458
79788000022
79780554398
79775207264
79794035855
79792392217
79779680480
79779043901
79782202468
79782187545
79775463600
79788637719
79782572732
79782175383
79771204358
79771183173
79782723128
79773113821
79781795113

PAPI Instructions
190000219799
190000219166
190000219161
190000219160
190000219165
190000219170
190000219166
190000219169
190000219162
190000219160
190000219165
190000219173
190000219165
190000219151
190000219178
190000219178
190000219179
190000219174
190000219179
190000219189
190000219181
190000219175
190000219182
190000219085
190000219174

PAPI L1 Misses
6251334697
6251334749
6251335009
6251334848
6251334974
6251336470
6251345834
6251337018
6251336332
6251367462
6251332984
6251333552
6251336362
6251343682
6251340367
6251352194
6251341797
6251341813
6251341934
6251436761
6251361561
6251345438
6251370316
6251357023
6251345364

PAPI L2 Misses
15933177
15890193
15915135
15918033
15874949
15894630
15896946
15929998
15921881
15819117
15931553
15918708
15867078
15914625
15881580
15861468
15893983
15860261
15893215
15973320
15931554
15943361
15857968
15910796
15903708

PAPI Vectorial DP
0
0
0
0
0
0
0
0
0
0
0
0
0
0
0
0
0
0
0
0
0
0
0
0
0

File Read
4.233712e-03

File Write
3.753763e-02

Total Run
1.629762e+01

Total Step
1.865237e+01
1.865364e+01
1.865560e+01
1.865964e+01
1.864842e+01
1.865838e+01
1.865104e+01
1.865094e+01
1.865188e+01
1.865307e+01
1.865522e+01
1.864922e+01
1.864951e+01
1.864874e+01
1.864408e+01
1.864338e+01
1.864675e+01
1.864605e+01
1.864610e+01
1.864639e+01
1.864656e+01
1.864297e+01
1.865888e+01
1.865695e+01
1.866187e+01

First Drift
2.126126e-04
2.164124e-04
2.101921e-04
2.091015e-04
2.177823e-04
2.184212e-04
2.173726e-04
2.170624e-04
2.178419e-04
2.208119e-04
2.156533e-04
2.212329e-04
2.198219e-04
2.155034e-04
1.909817e-04
1.878813e-04
1.887418e-04
1.841718e-04
1.904620e-04
1.877323e-04
1.842417e-04
1.837807e-04
1.832610e-04
1.851013e-04
1.908327e-04

Compute Force
1.865169e+01
1.865296e+01
1.865495e+01
1.865900e+01
1.864779e+01
1.865773e+01
1.865039e+01
1.865031e+01
1.865126e+01
1.865242e+01
1.865459e+01
1.864861e+01
1.864887e+01
1.864813e+01
1.864358e+01
1.864289e+01
1.864623e+01
1.864553e+01
1.864559e+01
1.864589e+01
1.864606e+01
1.864248e+01
1.865837e+01
1.865645e+01
1.866137e+01

Kick
2.174722e-04
2.184324e-04
2.153125e-04
2.235631e-04
2.133315e-04
2.187015e-04
2.152314e-04
2.224715e-04
2.135029e-04
2.122922e-04
2.171127e-04
2.066325e-04
2.184035e-04
2.120221e-04
1.890715e-04
1.845220e-04
1.820009e-04
1.852913e-04
1.821825e-04
1.823315e-04
1.846226e-04
1.836522e-04
1.844121e-04
1.847511e-04
1.807613e-04

Second Drift
1.578322e-04
1.510112e-04
1.516417e-04
1.501720e-04
1.385622e-04
1.519416e-04
1.544422e-04
1.500919e-04
1.508314e-04
1.503313e-04
1.543015e-04
1.392812e-04
1.561120e-04
1.404304e-04
8.568075e-05
8.573104e-05
8.508097e-05
8.661021e-05
8.565094e-05
8.611102e-05
8.608121e-05
8.573011e-05
8.595083e-05
8.632056e-05
8.629076e-05

--- Configuration ---
nsteps: 25
dt: 1.000000e-04
eps: 5.000000e-02
G: 1.000000e+00
mass: 1.000000e+00
energy_every: 1
energy_tol: 1.000000e-03
kernel_choice: t
kinetic0: 1.469728e+09
potential0: -2.934067e+09
PAPI Cycles
79789731015
79795098397
79801441092
79788038896
79790410051
79798188026
79788836977
79788698428
79792061124
79797401123
79804950176
79786335679
79785861368
79792581096
79781335217
79774030287
79794651532
79781926662
79784524677
79784983795
79783489120
79774168615
79784764008
79775980560
79800497363

PAPI Instructions
190000219800
190000219163
190000219168
190000219170
190000219159
190000219164
190000219161
190000219158
190000219164
190000219163
190000219166
190000219159
190000219164
190000219157
190000219060
190000219152
190000219155
190000219158
190000219155
190000219154
190000219160
190000219153
190000219172
190000219078
190000219175

PAPI L1 Misses
6251242848
6251236011
6251241995
6251242508
6251239345
6251240096
6251234682
6251242045
6251240326
6251241248
6251240582
6251236814
6251241150
6251237076
6251236896
6251235937
6251232882
6251234550
6251238520
6251235781
6251233090
6251237239
6251262977
6251255406
6251258202

PAPI L2 Misses
16752857
16775341
16740735
16758962
16753107
16745534
16745637
16719758
16754629
16767757
16704777
16762274
16753765
16768287
16737822
16748698
16728528
16773739
16752115
16742862
16738523
16774884
16552038
16546801
16541306

PAPI Vectorial DP
0
0
0
0
0
0
0
0
0
0
0
0
0
0
0
0
0
0
0
0
0
0
0
0
0

File Read
4.062961e-03

File Write
3.637305e-03

Total Run
1.635976e+01

Total Step
1.867561e+01
1.867286e+01
1.867579e+01
1.867796e+01
1.867333e+01
1.867283e+01
1.867363e+01
1.867362e+01
1.867555e+01
1.867800e+01
1.867925e+01
1.867422e+01
1.867359e+01
1.867732e+01
1.867446e+01
1.867449e+01
1.867531e+01
1.867361e+01
1.867851e+01
1.867688e+01
1.867180e+01
1.867760e+01
1.867563e+01
1.867593e+01
1.867359e+01

First Drift
1.867022e-04
1.831418e-04
1.832722e-04
1.845518e-04
1.818119e-04
1.845416e-04
1.905216e-04
1.862617e-04
1.860019e-04
1.825420e-04
1.844224e-04
1.846021e-04
1.840526e-04
1.832414e-04
1.831325e-04
1.823520e-04
1.842026e-04
1.829527e-04
1.854524e-04
1.831325e-04
1.873327e-04
1.851423e-04
1.873923e-04
1.849616e-04
1.834324e-04

Compute Force
1.867506e+01
1.867232e+01
1.867525e+01
1.867745e+01
1.867282e+01
1.867231e+01
1.867311e+01
1.867312e+01
1.867505e+01
1.867748e+01
1.867875e+01
1.867372e+01
1.867307e+01
1.867681e+01
1.867397e+01
1.867399e+01
1.867480e+01
1.867309e+01
1.867799e+01
1.867638e+01
1.867130e+01
1.867710e+01
1.867512e+01
1.867543e+01
1.867309e+01

Kick
1.844717e-04
1.827525e-04
1.839017e-04
1.860419e-04
1.814617e-04
1.833709e-04
1.874920e-04
1.825420e-04
1.842324e-04
1.846924e-04
1.800517e-04
1.872526e-04
1.853025e-04
1.827218e-04
1.836317e-04
1.874315e-04
1.824209e-04
1.890715e-04
1.866017e-04
1.827218e-04
1.858221e-04
1.865020e-04
1.837825e-04
1.858110e-04
1.856619e-04

Second Drift
8.572079e-05
8.623116e-05
9.177998e-05
8.862186e-05
9.118114e-05
8.553173e-05
8.564070e-05
8.555129e-05
8.621067e-05
8.543115e-05
8.556060e-05
8.585025e-05
8.608121e-05
9.315088e-05
8.550100e-05
8.550100e-05
8.617062e-05
8.653104e-05
8.634105e-05
8.626096e-05
8.562114e-05
8.545071e-05
8.579064e-05
8.531101e-05
8.493103e-05

--- Configuration ---
nsteps: 25
dt: 1.000000e-04
eps: 5.000000e-02
G: 1.000000e+00
mass: 1.000000e+00
energy_every: 1
energy_tol: 1.000000e-03
kernel_choice: t
kinetic0: 1.469728e+09
potential0: -2.934067e+09
PAPI Cycles
79849331862
79834535026
79845599828
79855321311
79839927848
79839424054
79843939962
79841791804
79848186204
79853776128
79862619740
79847063917
79842068548
79857431768
79839831829
79837628136
79849920386
79840662820
79862471100
79853880865
79830218758
79855079649
79847386433
79852159033
79839186216

PAPI Instructions
190000219826
190000219183
190000219189
190000219187
190000219167
190000219184
190000219187
190000219097
190000219186
190000219190
190000219104
190000219186
190000219189
190000219188
190000219185
190000219124
190000219187
190000219187
190000219191
190000219191
190000219094
190000219095
190000219193
190000219095
190000219187

PAPI L1 Misses
6251350070
6251351812
6251353379
6251351616
6251353892
6251353852
6251359923
6251356242
6251352604
6251355655
6251352202
6251359131
6251355995
6251363874
6251352960
6251357628
6251357968
6251350695
6251356174
6251353393
6251357056
6251356286
6251351495
6251349782
6251351487

PAPI L2 Misses
15296621
15283830
15269473
15299705
15291535
15316381
15320585
15305642
15262784
15266105
15264723
15280005
15299140
15276425
15303564
15302674
15305201
15247629
15266199
15351275
15294627
15313032
15277599
15276662
15248746

PAPI Vectorial DP
0
0
0
0
0
0
0
0
0
0
0
0
0
0
0
0
0
0
0
0
0
0
0
0
0

File Read
3.936081e-03

File Write
3.846559e-03

Total Run
1.631578e+01

Total Step
1.867133e+01
1.872623e+01
1.867391e+01
1.866982e+01
1.867094e+01
1.867248e+01
1.872661e+01
1.867407e+01
1.872144e+01
1.867525e+01
1.872347e+01
1.867459e+01
1.872395e+01
1.867150e+01
1.867204e+01
1.866937e+01
1.867058e+01
1.871806e+01
1.866932e+01
1.872187e+01
1.867819e+01
1.872431e+01
1.867086e+01
1.872366e+01
1.867167e+01

First Drift
1.847912e-04
1.844317e-04
1.835506e-04
1.863213e-04
1.850119e-04
1.843125e-04
1.864219e-04
1.834314e-04
1.845015e-04
1.891106e-04
1.834119e-04
1.858324e-04
1.857216e-04
1.842016e-04
1.823716e-04
1.858007e-04
1.873914e-04
1.850016e-04
1.896722e-04
1.849113e-04
1.908420e-04
1.892420e-04
1.831725e-04
1.854515e-04
1.842817e-04

Compute Force
1.867080e+01
1.872568e+01
1.867338e+01
1.866931e+01
1.867043e+01
1.867197e+01
1.872609e+01
1.867358e+01
1.872094e+01
1.867471e+01
1.872297e+01
1.867409e+01
1.872344e+01
1.867101e+01
1.867155e+01
1.866887e+01
1.867007e+01
1.871755e+01
1.866881e+01
1.872138e+01
1.867768e+01
1.872382e+01
1.867035e+01
1.872317e+01
1.867118e+01

Kick
1.855921e-04
1.835320e-04
1.901621e-04
1.834305e-04
1.885723e-04
1.827618e-04
1.839222e-04
1.828326e-04
1.853118e-04
1.952918e-04
1.831409e-04
1.854124e-04
1.824619e-04
1.833010e-04
1.833718e-04
1.849718e-04
1.847222e-04
1.838719e-04
1.879223e-04
1.835916e-04
1.891227e-04
1.871716e-04
1.891414e-04
1.835423e-04
1.850119e-04

Second Drift
8.543115e-05
8.561090e-05
8.575153e-05
8.606073e-05
8.497108e-05
8.551031e-05
8.543115e-05
8.560158e-05
8.598156e-05
8.577108e-05
8.593034e-05
8.524116e-05
8.508004e-05
8.508097e-05
8.555129e-05
8.525047e-05
8.561090e-05
8.598994e-05
8.613989e-05
8.574035e-05
8.543115e-05
8.602068e-05
8.570030e-05
8.538086e-05
8.552056e-05

--- Configuration ---
nsteps: 25
dt: 1.000000e-04
eps: 5.000000e-02
G: 1.000000e+00
mass: 1.000000e+00
energy_every: 1
energy_tol: 1.000000e-03
kernel_choice: t
kinetic0: 1.469728e+09
potential0: -2.934067e+09
PAPI Cycles
79775127200
79783495322
79786651191
79766468426
79785560189
79787183501
79787148838
79776721735
79770943836
79776871404
79780703745
79789447062
79783024391
79776697592
79768075387
79782625379
79772212983
79773215525
79768238724
79771970980
79772357460
79778959987
79775317545
79777433708
79786459166

PAPI Instructions
190000219805
190000219165
190000219170
190000219156
190000219161
190000219159
190000219164
190000219160
190000219159
190000219168
190000219163
190000219171
190000219164
190000219169
190000219156
190000219157
190000219158
190000219158
190000219149
190000219161
190000219165
190000219166
190000219166
190000219167
190000219172

PAPI L1 Misses
6251361300
6251362290
6251364154
6251357926
6251358981
6251359979
6251358436
6251363369
6251358528
6251359965
6251359819
6251359197
6251362579
6251360816
6251360083
6251361387
6251362186
6251358762
6251357450
6251388549
6251361567
6251363171
6251360963
6251359601
6251358875

PAPI L2 Misses
17399560
17371517
17374556
17402065
17386293
17372906
17412820
17391936
17402640
17391961
17382498
17378607
17372775
17376213
17432328
17386950
17396581
17366522
17379039
17386431
17399403
17392925
17409326
17383250
17407252

PAPI Vectorial DP
0
0
0
0
0
0
0
0
0
0
0
0
0
0
0
0
0
0
0
0
0
0
0
0
0

File Read
3.607779e-02

File Write
3.954630e-03

Total Run
1.633001e+01

Total Step
1.866700e+01
1.866705e+01
1.866405e+01
1.866733e+01
1.866513e+01
1.866549e+01
1.866368e+01
1.866733e+01
1.866645e+01
1.866293e+01
1.866244e+01
1.866450e+01
1.866549e+01
1.866544e+01
1.866557e+01
1.866468e+01
1.866222e+01
1.866844e+01
1.866579e+01
1.866840e+01
1.866438e+01
1.866361e+01
1.866288e+01
1.866421e+01
1.866811e+01

First Drift
1.830421e-04
1.810221e-04
1.814514e-04
1.853323e-04
1.839818e-04
1.843516e-04
1.844615e-04
1.902822e-04
1.851814e-04
1.838617e-04
1.848117e-04
1.854524e-04
1.891125e-04
1.818417e-04
1.835506e-04
1.824610e-04
1.860214e-04
1.833122e-04
1.875227e-04
1.830002e-04
1.804922e-04
1.815623e-04
1.874724e-04
1.835926e-04
1.899721e-04

Compute Force
1.866645e+01
1.866651e+01
1.866352e+01
1.866682e+01
1.866462e+01
1.866497e+01
1.866316e+01
1.866682e+01
1.866594e+01
1.866241e+01
1.866193e+01
1.866400e+01
1.866497e+01
1.866494e+01
1.866507e+01
1.866419e+01
1.866171e+01
1.866792e+01
1.866528e+01
1.866790e+01
1.866390e+01
1.866311e+01
1.866238e+01
1.866372e+01
1.866761e+01

Kick
1.814514e-04
1.834724e-04
1.825225e-04
1.829118e-04
1.823017e-04
1.840023e-04
1.923628e-04
1.962017e-04
1.882613e-04
1.819124e-04
1.828913e-04
1.831027e-04
1.820112e-04
1.885518e-04
1.843423e-04
1.821704e-04
1.850417e-04
1.873616e-04
1.839818e-04
1.832712e-04
1.819022e-04
1.864526e-04
1.829807e-04
1.848619e-04
1.838813e-04

Second Drift
8.573942e-05
8.522067e-05
8.613057e-05
8.582138e-05
8.561090e-05
8.561090e-05
8.653104e-05
8.553080e-05
8.566026e-05
8.582138e-05
8.632056e-05
8.542091e-05
8.553080e-05
8.568075e-05
8.545071e-05
8.603092e-05
8.568913e-05
8.594990e-05
8.533988e-05
8.563139e-05
8.570030e-05
8.577108e-05
8.584093e-05
8.661952e-05
9.017065e-05

--- Configuration ---
nsteps: 25
dt: 1.000000e-04
eps: 5.000000e-02
G: 1.000000e+00
mass: 1.000000e+00
energy_every: 1
energy_tol: 1.000000e-03
kernel_choice: t
kinetic0: 1.469728e+09
potential0: -2.934067e+09
PAPI Cycles
79772489080
79782781643
79779453509
79782782840
79782273835
79775364523
79773987035
79778233284
79783680988
79775465721
79770027802
79782672185
79771309036
79783364311
79778398354
79780047483
79771383246
79782507892
79783008467
79781637392
79776698655
79777112881
79774395238
79775322322
79778877564

PAPI Instructions
190000219823
190000219181
190000219178
190000219181
190000219174
190000219177
190000219179
190000219181
190000219180
190000219175
190000219176
190000219179
190000219181
190000219177
190000219182
190000219179
190000219174
190000219188
190000219179
190000219180
190000219088
190000219174
190000219175
190000219175
190000219183

PAPI L1 Misses
6251357186
6251320889
6251321627
6251319343
6251349083
6251322040
6251316941
6251322533
6251320777
6251320030
6251319612
6251322663
6251318456
6251321883
6251320709
6251324000
6251329142
6251323292
6251324088
6251320918
6251322110
6251320383
6251317828
6251321211
6251319715

PAPI L2 Misses
16376044
16436383
16421483
16413205
16395788
16476831
16402970
16437575
16462235
16459569
16410377
16399735
16443544
16346988
16442391
16439271
16412077
16460549
16436781
16429894
16396128
16423115
16441585
16455810
16435484

PAPI Vectorial DP
0
0
0
0
0
0
0
0
0
0
0
0
0
0
0
0
0
0
0
0
0
0
0
0
0

