File Read
3.734266e-03

File Write
2.971348e-03

Total Run
1.636246e+01

Total Step
1.400245e+01
1.396322e+01
1.399921e+01
1.396337e+01
1.392671e+01
1.396618e+01
1.397502e+01
1.396396e+01
1.397534e+01
1.393335e+01
1.397096e+01
1.391670e+01
1.396685e+01
1.391722e+01
1.396866e+01
1.399475e+01
1.391862e+01
1.400455e+01
1.392948e+01
1.400049e+01
1.396719e+01
1.393015e+01
1.396656e+01
1.392796e+01
1.396872e+01

First Drift
2.042120e-04
1.919512e-04
1.897523e-04
1.979116e-04
2.023121e-04
2.085119e-04
1.862021e-04
1.861518e-04
1.883917e-04
1.878319e-04
1.922324e-04
1.847008e-04
1.847316e-04
1.992723e-04
1.919717e-04
1.919325e-04
1.886608e-04
1.861015e-04
1.878422e-04
1.871325e-04
1.868922e-04
1.892317e-04
1.873113e-04
1.897113e-04
1.887120e-04

Compute Force
1.400181e+01
1.396257e+01
1.399862e+01
1.396273e+01
1.392607e+01
1.396555e+01
1.397440e+01
1.396335e+01
1.397474e+01
1.393274e+01
1.397037e+01
1.391614e+01
1.396622e+01
1.391663e+01
1.396806e+01
1.399414e+01
1.391804e+01
1.400394e+01
1.392889e+01
1.399992e+01
1.396660e+01
1.392955e+01
1.396595e+01
1.392736e+01
1.396814e+01

Kick
1.881924e-04
1.988029e-04
1.818612e-04
2.036123e-04
2.095914e-04
1.794118e-04
2.030721e-04
1.933519e-04
1.798216e-04
1.856321e-04
1.887316e-04
1.694923e-04
2.048826e-04
1.809718e-04
1.879120e-04
1.941714e-04
1.844522e-04
2.041617e-04
1.828624e-04
1.822021e-04
2.022618e-04
1.985114e-04
2.063019e-04
1.832722e-04
1.761215e-04

Second Drift
1.739720e-04
1.741704e-04
1.763627e-04
1.811516e-04
1.755813e-04
1.738416e-04
1.771217e-04
1.783120e-04
1.745513e-04
1.682220e-04
1.745522e-04
1.669712e-04
1.765722e-04
1.732623e-04
1.679407e-04
1.752218e-04
1.739906e-04
1.760814e-04
1.767408e-04
1.686309e-04
1.694020e-04
1.696115e-04
1.764325e-04
1.876205e-04
1.728823e-04

--- Configuration ---
nsteps: 25
dt: 1.000000e-04
eps: 5.000000e-02
G: 1.000000e+00
mass: 1.000000e+00
energy_every: 1
energy_tol: 1.000000e-03
kernel_choice: n
kinetic0: 1.469728e+09
potential0: -2.934067e+09
PAPI Cycles
59538526380
59538229598
59535387454
59538576072
59535548380
59540135459
59538205510
59538815718
59538431371
59538585535
59537730451
59536898753
59537519952
59537606015
59537816732
59537383127
59535217862
59538125922
59538347584
59536550583
59538732263
59538776329
59537691653
59537397346
59537765432

PAPI Instructions
130005382021
130005380081
130005380076
130005380077
130005380082
130005380079
130005380078
130005380081
130005380071
130005380090
130005380070
130005380067
130005380067
130005380070
130005380072
130005380071
130005380068
130005380083
130005380079
130005380080
130005380080
130005380080
130005380079
130005380081
130005380081

PAPI L1 Misses
3756988940
3756963115
3756986524
3756975448
3756978231
3756928495
3756947467
3756948063
3756968643
3756914583
3756983325
3756987558
3756958365
3756966807
3756950656
3756992769
3757004770
3757037214
3757054317
3757027209
3757007752
3757018507
3757007585
3757028955
3757033156

PAPI L2 Misses
112859230
112891057
112888406
112854035
112691056
113992560
113889617
113867889
113786391
113682208
112729862
112730152
112662638
112692359
112681166
112757964
112818838
112779946
112797711
112759623
112763502
112728598
112747744
112791055
112820429

PAPI Vectorial DP
0
0
0
0
0
0
0
0
0
0
0
0
0
0
0
0
0
0
0
0
0
0
0
0
0

File Read
1.280160e-01

File Write
5.754631e-03

Total Run
1.636368e+01

Total Step
1.424397e+01
1.424212e+01
1.424312e+01
1.424286e+01
1.424328e+01
1.424242e+01
1.424282e+01
1.424150e+01
1.424269e+01
1.424254e+01
1.424265e+01
1.424259e+01
1.424242e+01
1.424263e+01
1.424237e+01
1.424195e+01
1.424274e+01
1.424211e+01
1.424213e+01
1.424241e+01
1.424252e+01
1.424250e+01
1.424246e+01
1.424296e+01
1.424263e+01

First Drift
1.980225e-04
1.988821e-04
1.970315e-04
1.988728e-04
1.947815e-04
1.957519e-04
1.939917e-04
1.989817e-04
1.953915e-04
1.979321e-04
1.974115e-04
1.979526e-04
1.946921e-04
2.009226e-04
2.005817e-04
1.975019e-04
2.006516e-04
1.951326e-04
1.978315e-04
1.941519e-04
1.964215e-04
1.967428e-04
1.948820e-04
1.933323e-04
2.012113e-04

Compute Force
1.424332e+01
1.424142e+01
1.424254e+01
1.424224e+01
1.424267e+01
1.424181e+01
1.424222e+01
1.424089e+01
1.424211e+01
1.424192e+01
1.424206e+01
1.424197e+01
1.424183e+01
1.424202e+01
1.424178e+01
1.424136e+01
1.424215e+01
1.424151e+01
1.424154e+01
1.424182e+01
1.424194e+01
1.424189e+01
1.424186e+01
1.424235e+01
1.424203e+01

Kick
1.990218e-04
1.863418e-04
1.883125e-04
2.034716e-04
1.922809e-04
1.924513e-04
2.024733e-04
2.058325e-04
1.961319e-04
1.987517e-04
1.861816e-04
1.908923e-04
1.926515e-04
1.991326e-04
1.901621e-04
1.878617e-04
1.900019e-04
1.984118e-04
1.871213e-04
1.943624e-04
1.832321e-04
2.008025e-04
1.890920e-04
1.961719e-04
1.910925e-04

Second Drift
1.645219e-04
2.360418e-04
1.588808e-04
1.601921e-04
1.597311e-04
1.638019e-04
1.580622e-04
1.595309e-04
1.590215e-04
1.604427e-04
1.576710e-04
1.663910e-04
1.646522e-04
1.589227e-04
1.578219e-04
1.588119e-04
1.597917e-04
1.593903e-04
1.613107e-04
1.643905e-04
1.591118e-04
1.608310e-04
1.597218e-04
1.597209e-04
1.601921e-04

--- Configuration ---
nsteps: 25
dt: 1.000000e-04
eps: 5.000000e-02
G: 1.000000e+00
mass: 1.000000e+00
energy_every: 1
energy_tol: 1.000000e-03
kernel_choice: n
kinetic0: 1.469728e+09
potential0: -2.934067e+09
PAPI Cycles
60907369438
60906388230
60907225922
60907207365
60907710093
60908059217
60907754488
60906223252
60906687965
60906701711
60908202263
60907675256
60907591413
60908507734
60907322786
60907535370
60908120253
60906603396
60906492441
60906889455
60907346555
60907369324
60906681705
60907149847
60907573178

PAPI Instructions
130005382338
130005380395
130005380398
130005380396
130005380398
130005380395
130005380396
130005380393
130005380300
130005380396
130005380396
130005380398
130005380394
130005380396
130005380395
130005380394
130005380305
130005380396
130005380393
130005380305
130005380394
130005380396
130005380394
130005380396
130005380303

PAPI L1 Misses
3980967058
3980984570
3981004996
3980960226
3980966509
3980998422
3980993745
3980972303
3980975692
3980968506
3980978385
3980989061
3980978301
3980952223
3980982768
3980973059
3980994734
3980953779
3980981971
3981003794
3980989417
3980964751
3980955326
3980949884
3980982568

PAPI L2 Misses
111734415
111797583
111807309
111773964
111776575
111776523
111788331
111813460
111794075
111801165
111771579
111793353
111783775
111765090
111792960
111787936
111801900
111784154
111843228
111822033
111781202
111809372
111787669
111783238
111792499

PAPI Vectorial DP
0
0
0
0
0
0
0
0
0
0
0
0
0
0
0
0
0
0
0
0
0
0
0
0
0

File Read
2.901820e-03

File Write
3.933201e-03

Total Run
1.630291e+01

Total Step
1.392224e+01
1.392093e+01
1.392153e+01
1.392108e+01
1.392135e+01
1.392265e+01
1.392228e+01
1.392193e+01
1.392223e+01
1.392206e+01
1.392222e+01
1.392215e+01
1.392256e+01
1.392077e+01
1.392195e+01
1.392090e+01
1.392142e+01
1.392110e+01
1.392165e+01
1.392079e+01
1.392135e+01
1.392152e+01
1.392166e+01
1.392117e+01
1.392203e+01

First Drift
1.963116e-04
1.954921e-04
1.990711e-04
1.990218e-04
1.937114e-04
1.923619e-04
2.019415e-04
1.952322e-04
1.930222e-04
1.937216e-04
1.940830e-04
1.966525e-04
1.941323e-04
1.955526e-04
1.971321e-04
1.998330e-04
1.940019e-04
1.989314e-04
1.944927e-04
1.942413e-04
1.967726e-04
1.990423e-04
1.936816e-04
1.966320e-04
1.990218e-04

Compute Force
1.392162e+01
1.392031e+01
1.392095e+01
1.392047e+01
1.392075e+01
1.392205e+01
1.392167e+01
1.392133e+01
1.392163e+01
1.392144e+01
1.392163e+01
1.392155e+01
1.392196e+01
1.392018e+01
1.392134e+01
1.392030e+01
1.392083e+01
1.392051e+01
1.392106e+01
1.392021e+01
1.392077e+01
1.392094e+01
1.392105e+01
1.392058e+01
1.392143e+01

Kick
1.867320e-04
1.888117e-04
1.957417e-04
2.027927e-04
1.979023e-04
1.930017e-04
1.959223e-04
2.007317e-04
1.884317e-04
2.003321e-04
1.957323e-04
1.975419e-04
1.857020e-04
1.930213e-04
1.965221e-04
1.970520e-04
2.001915e-04
1.959922e-04
2.070526e-04
1.953924e-04
1.844009e-04
1.899414e-04
2.065124e-04
1.845518e-04
2.011722e-04

Second Drift
1.581125e-04
1.579206e-04
1.578322e-04
1.594014e-04
1.601316e-04
1.589404e-04
1.600012e-04
1.589116e-04
1.583826e-04
1.592711e-04
1.588920e-04
1.596324e-04
1.641419e-04
1.590708e-04
1.582121e-04
1.588818e-04
1.603719e-04
1.593521e-04
1.596622e-04
1.584422e-04
1.588725e-04
1.576813e-04
1.592124e-04
1.582121e-04
1.588305e-04

--- Configuration ---
nsteps: 25
dt: 1.000000e-04
eps: 5.000000e-02
G: 1.000000e+00
mass: 1.000000e+00
energy_every: 1
energy_tol: 1.000000e-03
kernel_choice: n
kinetic0: 1.469728e+09
potential0: -2.934067e+09
PAPI Cycles
59525067807
59522880611
59524363479
59524075202
59524094155
59523955258
59523677653
59523163362
59523877103
59524758048
59524444854
59523668583
59523968608
59524081803
59524364512
59523841141
59523020132
59523445181
59523919873
59524158036
59523635527
59523983225
59524257282
59524076045
59523620904

PAPI Instructions
130005382016
130005380075
130005380071
130005380073
130005380075
130005380076
130005380076
130005380072
130005380075
130005380076
130005380072
130005380075
130005380073
130005380072
130005380079
130005380072
130005380076
130005380075
130005380074
130005380075
130005380074
130005380073
130005380077
130005380070
130005380077

PAPI L1 Misses
3756631704
3756630716
3756670786
3756656055
3756656037
3756642303
3756650364
3756645355
3756650302
3756655678
3756631485
3756652527
3756624345
3756664440
3756652005
3756630038
3756657584
3756642631
3756649460
3756669358
3756657056
3756624965
3756633155
3756629090
3756635316

PAPI L2 Misses
110054043
110127235
110086951
110097286
110089849
110086965
110099579
110127916
110104525
110084070
110091346
110101610
110072278
110119839
110090404
110079196
110134460
110112108
110077885
110107821
110118375
110059136
110077604
110087959
110102219

PAPI Vectorial DP
0
0
0
0
0
0
0
0
0
0
0
0
0
0
0
0
0
0
0
0
0
0
0
0
0

File Read
3.084091e-03

File Write
3.730818e-03

Total Run
1.631357e+01

Total Step
1.400452e+01
1.405985e+01
1.401113e+01
1.400574e+01
1.401137e+01
1.400517e+01
1.401127e+01
1.400918e+01
1.401215e+01
1.401022e+01
1.400701e+01
1.401068e+01
1.400711e+01
1.401117e+01
1.406097e+01
1.400997e+01
1.406033e+01
1.400483e+01
1.405751e+01
1.401074e+01
1.405870e+01
1.401091e+01
1.400317e+01
1.401129e+01
1.400279e+01

First Drift
1.970520e-04
2.034418e-04
1.967913e-04
1.940308e-04
1.937421e-04
1.941007e-04
1.950217e-04
1.991121e-04
1.933621e-04
1.925612e-04
1.985021e-04
1.950217e-04
1.945421e-04
1.943735e-04
1.964923e-04
1.950711e-04
1.968527e-04
1.969719e-04
1.951121e-04
1.949714e-04
1.934022e-04
1.940625e-04
1.976117e-04
1.953421e-04
2.005016e-04

Compute Force
1.400384e+01
1.405918e+01
1.401051e+01
1.400511e+01
1.401074e+01
1.400455e+01
1.401064e+01
1.400858e+01
1.401152e+01
1.400962e+01
1.400637e+01
1.401006e+01
1.400650e+01
1.401055e+01
1.406033e+01
1.400936e+01
1.405972e+01
1.400422e+01
1.405692e+01
1.401009e+01
1.405809e+01
1.401029e+01
1.400253e+01
1.401067e+01
1.400217e+01

Kick
2.246117e-04
2.198406e-04
2.151122e-04
2.166126e-04
2.230816e-04
2.071615e-04
1.989612e-04
2.062917e-04
2.199933e-04
2.075620e-04
2.205912e-04
2.132514e-04
2.121916e-04
2.201423e-04
2.215412e-04
2.081832e-04
2.139919e-04
2.112724e-04
2.050912e-04
2.378318e-04
2.172515e-04
2.228422e-04
2.279021e-04
2.199626e-04
2.121227e-04

Second Drift
1.633614e-04
1.627123e-04
1.629405e-04
1.625214e-04
1.614718e-04
1.595216e-04
1.682015e-04
1.611225e-04
1.615314e-04
1.610322e-04
1.618220e-04
1.613814e-04
1.621218e-04
1.610415e-04
1.613721e-04
1.632320e-04
1.619905e-04
1.617521e-04
1.608115e-04
1.619011e-04
1.659915e-04
1.624720e-04
1.625316e-04
1.609223e-04
1.614103e-04

--- Configuration ---
nsteps: 25
dt: 1.000000e-04
eps: 5.000000e-02
G: 1.000000e+00
mass: 1.000000e+00
energy_every: 1
energy_tol: 1.000000e-03
kernel_choice: n
kinetic0: 1.469728e+09
potential0: -2.934067e+09
PAPI Cycles
59859597502
59858392425
59858165640
59859212320
59859949158
59860034293
59859673993
59859043211
59859017758
59855043612
59854336725
59856866560
59858931763
59856068792
59854930060
59857956857
59856776693
59859722554
59859113650
59858960120
59858952271
59860757984
59859500209
59859311767
59858010386

PAPI Instructions
130005382085
130005380146
130005380142
130005380147
130005380142
130005380152
130005380141
130005380145
130005380144
130005380152
130005380150
130005380152
130005380150
130005380153
130005380149
130005380153
130005380151
130005380145
130005380142
130005380143
130005380143
130005380144
130005380139
130005380144
130005380140

PAPI L1 Misses
3890429383
3890448876
3890448002
3890461253
3890506440
3890521841
3890483311
3890462978
3890488541
3890417467
3890404574
3890433466
3890452807
3890460825
3890484103
3890532005
3890479219
3890493464
3890440424
3890456050
3890414793
3890460538
3890477651
3890461412
3890407015

PAPI L2 Misses
109058837
109111278
109107511
109069185
109185910
109184069
109148755
109107962
109143799
109101120
109090586
109145732
109139661
109089254
109158061
109135108
109125869
109110553
109112598
109102698
109093207
109101487
109108157
109096527
109062269

PAPI Vectorial DP
0
0
0
0
0
0
0
0
0
0
0
0
0
0
0
0
0
0
0
0
0
0
0
0
0

File Read
3.074941e-03

File Write
3.839398e-03

Total Run
1.631288e+01

Total Step
1.392538e+01
1.392455e+01
1.392424e+01
1.392453e+01
1.392509e+01
1.392470e+01
1.392343e+01
1.392497e+01
1.392512e+01
1.392559e+01
1.392519e+01
1.392553e+01
1.392619e+01
1.392499e+01
1.392568e+01
1.392420e+01
1.392488e+01
1.392439e+01
1.392511e+01
1.392387e+01
1.392366e+01
1.392413e+01
1.392508e+01
1.392404e+01
1.392497e+01

First Drift
1.938818e-04
1.956224e-04
1.949426e-04
1.961421e-04
1.942422e-04
1.928620e-04
1.944825e-04
1.946213e-04
1.936425e-04
1.973715e-04
1.955219e-04
1.955424e-04
1.919018e-04
1.966218e-04
1.930306e-04
1.953617e-04
1.916215e-04
1.988122e-04
1.926320e-04
1.921225e-04
1.958022e-04
1.957016e-04
1.937719e-04
1.976015e-04
1.954716e-04

Compute Force
1.392475e+01
1.392392e+01
1.392366e+01
1.392392e+01
1.392448e+01
1.392411e+01
1.392282e+01
1.392437e+01
1.392452e+01
1.392498e+01
1.392458e+01
1.392493e+01
1.392558e+01
1.392439e+01
1.392506e+01
1.392362e+01
1.392428e+01
1.392379e+01
1.392452e+01
1.392328e+01
1.392306e+01
1.392354e+01
1.392449e+01
1.392345e+01
1.392430e+01

Kick
2.003722e-04
1.982115e-04
1.850119e-04
2.047233e-04
1.970921e-04
1.830915e-04
1.934711e-04
2.027517e-04
1.906417e-04
1.906119e-04
2.037920e-04
2.003722e-04
1.991913e-04
2.004914e-04
1.934022e-04
1.878114e-04
1.976909e-04
2.043815e-04
1.904918e-04
1.924019e-04
1.874426e-04
1.946911e-04
1.968024e-04
1.901621e-04
1.877826e-04

Second Drift
1.595924e-04
1.617717e-04
1.617316e-04
1.614112e-04
1.619505e-04
1.613209e-04
1.611421e-04
1.619020e-04
1.622820e-04
1.657810e-04
1.635328e-04
1.615621e-04
1.611803e-04
1.687119e-04
1.733815e-04
1.666006e-04
1.626005e-04
1.627021e-04
1.618611e-04
1.718523e-04
1.619821e-04
1.611626e-04
1.626322e-04
1.604520e-04
2.430519e-04

--- Configuration ---
nsteps: 25
dt: 1.000000e-04
eps: 5.000000e-02
G: 1.000000e+00
mass: 1.000000e+00
energy_every: 1
energy_tol: 1.000000e-03
kernel_choice: n
kinetic0: 1.469728e+09
potential0: -2.934067e+09
PAPI Cycles
59521179597
59522044497
59521074486
59522045130
59522615056
59521208774
59520453910
59521571162
59521121591
59522271422
59520166548
59521684040
59521780087
59521051709
59521737043
59521447748
59520628323
59521528082
59522011742
59521512295
59520954999
59522025413
59521110747
59522301493
59520915716

PAPI Instructions
130005382017
130005380080
130005380075
130005380079
130005380080
130005380075
130005380076
130005380075
130005380076
130005380078
130005380077
130005380077
130005380080
130005379982
130005380078
130005379984
130005380074
130005380077
130005380076
130005380076
130005380076
130005380075
130005380079
130005380075
130005380080

PAPI L1 Misses
3757086070
3757091610
3757104778
3757101511
3757076785
3757091042
3757135782
3757147595
3757127133
3757109089
3757140938
3757097583
3757080246
3757112506
3757098435
3757057846
3757146360
3757141507
3757079220
3757161399
3757091373
3757113007
3757086584
3757103768
3757110509

PAPI L2 Misses
110075427
110116549
110188664
110101483
110064131
110093673
110164846
110202180
110167222
110119376
110181117
110087026
110040279
110148707
110122092
110083162
110140187
110141103
110148786
110192994
110099749
110136253
110126446
110175281
110138287

PAPI Vectorial DP
0
0
0
0
0
0
0
0
0
0
0
0
0
0
0
0
0
0
0
0
0
0
0
0
0

