File Read
2.872406e-03

File Write
4.023122e-03

Total Run
1.237200e-05

Total Step
4.959750e-04
2.483900e-05
2.466700e-05
2.456300e-05
2.463700e-05
2.464500e-05
2.465000e-05
2.459500e-05
2.464000e-05
2.461700e-05

First Drift
1.420012e-07
7.299968e-08
4.400135e-08
3.999958e-08
3.999958e-08
4.700269e-08
3.899913e-08
3.999958e-08
4.100002e-08
3.999958e-08

Compute Force
4.946640e-04
2.449700e-05
2.443100e-05
2.433000e-05
2.439600e-05
2.439800e-05
2.440900e-05
2.434800e-05
2.440600e-05
2.437800e-05

Kick
2.369998e-07
5.000038e-08
3.999958e-08
4.400135e-08
4.599860e-08
4.599860e-08
3.999958e-08
5.199763e-08
3.899913e-08
4.100002e-08

Second Drift
7.400013e-08
3.999958e-08
4.100002e-08
4.200047e-08
3.999958e-08
4.200047e-08
4.200047e-08
3.999958e-08
4.300091e-08
5.100082e-08

--- Configuration ---
nsteps: 10
dt: 1.000000e-04
eps: 5.000000e-02
G: 1.000000e+00
mass: 1.000000e+00
energy_every: 10
energy_tol: 1.000000e-03
kernel_choice: brm16
kinetic0: 1.485977e+03
potential0: -2.815053e+03
max_relative_error: 2.157347e-06
PAPI Cycles
0
0
0
0
0
0
0
0
0
0

PAPI Instructions
0
0
0
0
0
0
0
0
0
0

PAPI L1 Misses
0
0
0
0
0
0
0
0
0
0

PAPI L2 Misses
0
0
0
0
0
0
0
0
0
0

PAPI Vectorial DP
0
0
0
0
0
0
0
0
0
0

