File Read
3.017064e-03

File Write
2.813973e-03

Total Run
1.610089e+01

Total Step
5.850716e+00
5.849731e+00
5.849182e+00
5.849288e+00
5.849066e+00
5.849167e+00
5.849948e+00
5.849222e+00
5.848989e+00
5.849139e+00

First Drift
1.418311e-04
9.149965e-05
8.750055e-05
8.757133e-05
8.720066e-05
8.720160e-05
8.738134e-05
8.711126e-05
8.715130e-05
8.745119e-05

Compute Force
5.850286e+00
5.849382e+00
5.848851e+00
5.848938e+00
5.848734e+00
5.848836e+00
5.849618e+00
5.848892e+00
5.848657e+00
5.848810e+00

Kick
1.345314e-04
1.313007e-04
1.303609e-04
1.406008e-04
1.367014e-04
1.311023e-04
1.324508e-04
1.336308e-04
1.340313e-04
1.318520e-04

Second Drift
8.712057e-05
9.015109e-05
8.942187e-05
8.739997e-05
8.792989e-05
8.940976e-05
8.831173e-05
8.729938e-05
8.776039e-05
8.783117e-05

--- Configuration ---
nsteps: 10
dt: 1.000000e-04
eps: 5.000000e-02
G: 1.000000e+00
mass: 1.000000e+00
energy_every: 10
energy_tol: 1.000000e-03
kernel_choice: brm2
kinetic0: 1.469728e+09
potential0: -2.934067e+09
max_relative_error: 4.735181e-06
PAPI Cycles
25069310727
25068724190
25068936145
25069036972
25068713666
25068183414
25069181354
25069226766
25068992714
25068860756

PAPI Instructions
47611385484
47611382516
47611382519
47611382520
47611382516
47611382520
47611382520
47611382514
47611382518
47611382522

PAPI L1 Misses
35646163
35615422
35621459
35633019
35620695
35630135
35619208
35641800
35631376
35622307

PAPI L2 Misses
368394
362555
360977
360537
358280
360258
360586
364113
360625
363129

PAPI Vectorial DP
0
0
0
0
0
0
0
0
0
0

File Read
2.936454e-03

File Write
4.851599e-03

Total Run
1.613150e+01

Total Step
5.853159e+00
5.850984e+00
5.851460e+00
5.851049e+00
5.850933e+00
5.850707e+00
5.850629e+00
5.851491e+00
5.850764e+00
5.850807e+00

First Drift
1.446502e-04
8.953083e-05
9.018928e-05
9.007100e-05
8.976087e-05
8.952059e-05
8.974038e-05
9.630993e-05
9.015109e-05
9.015016e-05

Compute Force
5.852717e+00
5.850630e+00
5.851124e+00
5.850704e+00
5.850602e+00
5.850375e+00
5.850294e+00
5.851147e+00
5.850418e+00
5.850470e+00

Kick
1.349607e-04
1.353305e-04
1.306711e-04
1.333514e-04
1.344010e-04
1.308406e-04
1.329007e-04
1.343917e-04
1.465213e-04
1.321509e-04

Second Drift
9.271037e-05
9.252131e-05
9.101070e-05
9.031966e-05
9.082071e-05
9.209104e-05
9.062048e-05
8.989032e-05
9.018090e-05
9.402074e-05

--- Configuration ---
nsteps: 10
dt: 1.000000e-04
eps: 5.000000e-02
G: 1.000000e+00
mass: 1.000000e+00
energy_every: 10
energy_tol: 1.000000e-03
kernel_choice: brm2
kinetic0: 1.469728e+09
potential0: -2.934067e+09
max_relative_error: 4.735181e-06
PAPI Cycles
25069513103
25070398156
25069859077
25070155857
25070587319
25069953824
25070087952
25070219697
25069757853
25070115298

PAPI Instructions
47611387249
47611384277
47611384277
47611384281
47611384275
47611384278
47611384277
47611384276
47611384277
47611384278

PAPI L1 Misses
37165222
37189639
37220301
37196404
37194218
37194017
37220896
37186075
37198223
37193328

PAPI L2 Misses
371017
368397
370596
368057
367071
368386
371399
368195
369895
367537

PAPI Vectorial DP
0
0
0
0
0
0
0
0
0
0

File Read
2.982744e-03

File Write
4.241995e-03

Total Run
1.614696e+01

Total Step
5.853465e+00
5.851806e+00
5.852061e+00
5.851943e+00
5.851733e+00
5.851040e+00
5.851939e+00
5.852172e+00
5.851779e+00
5.851651e+00

First Drift
1.445906e-04
8.728169e-05
8.758157e-05
8.696131e-05
8.702092e-05
8.737110e-05
9.105075e-05
8.729007e-05
8.695014e-05
8.720998e-05

Compute Force
5.853030e+00
5.851449e+00
5.851724e+00
5.851594e+00
5.851405e+00
5.850706e+00
5.851604e+00
5.851836e+00
5.851448e+00
5.851323e+00

Kick
1.357319e-04
1.373915e-04
1.353221e-04
1.375610e-04
1.349505e-04
1.318706e-04
1.348210e-04
1.319908e-04
1.319814e-04
1.323512e-04

Second Drift
8.815993e-05
8.881092e-05
8.641090e-05
9.024143e-05
8.784141e-05
9.002164e-05
8.660089e-05
9.217951e-05
8.938089e-05
8.998998e-05

--- Configuration ---
nsteps: 10
dt: 1.000000e-04
eps: 5.000000e-02
G: 1.000000e+00
mass: 1.000000e+00
energy_every: 10
energy_tol: 1.000000e-03
kernel_choice: brm2
kinetic0: 1.469728e+09
potential0: -2.934067e+09
max_relative_error: 4.735181e-06
PAPI Cycles
25069028235
25068822191
25068886986
25069435182
25069221782
25068567828
25068431560
25068873284
25068792995
25068509470

PAPI Instructions
47611385488
47611382520
47611382519
47611382521
47611382518
47611382519
47611382523
47611382518
47611382521
47611382521

PAPI L1 Misses
36632216
36589138
36630465
36611622
36602591
36607956
36603759
36628878
36593488
36622595

PAPI L2 Misses
356619
346201
346902
347945
350129
347714
346281
350572
347559
348763

PAPI Vectorial DP
0
0
0
0
0
0
0
0
0
0

File Read
2.953594e-03

File Write
4.537968e-03

Total Run
1.611902e+01

Total Step
5.860571e+00
5.859345e+00
5.858932e+00
5.859340e+00
5.858715e+00
5.858561e+00
5.858944e+00
5.858734e+00
5.859623e+00
5.858933e+00

First Drift
1.445422e-04
8.768123e-05
8.773059e-05
8.685980e-05
8.731149e-05
8.723978e-05
8.691102e-05
8.685142e-05
8.710101e-05
8.696131e-05

Compute Force
5.860142e+00
5.858998e+00
5.858599e+00
5.858997e+00
5.858389e+00
5.858228e+00
5.858607e+00
5.858409e+00
5.859289e+00
5.858608e+00

Kick
1.395410e-04
1.325924e-04
1.333216e-04
1.335917e-04
1.304913e-04
1.327209e-04
1.360904e-04
1.291111e-04
1.330404e-04
1.313910e-04

Second Drift
8.921046e-05
8.803979e-05
8.872058e-05
8.656085e-05
8.842070e-05
9.234063e-05
9.038951e-05
8.875970e-05
9.045098e-05
8.853152e-05

--- Configuration ---
nsteps: 10
dt: 1.000000e-04
eps: 5.000000e-02
G: 1.000000e+00
mass: 1.000000e+00
energy_every: 10
energy_tol: 1.000000e-03
kernel_choice: brm2
kinetic0: 1.469728e+09
potential0: -2.934067e+09
max_relative_error: 4.735181e-06
PAPI Cycles
25099996847
25099693464
25099974302
25099432677
25099264240
25099239444
25099966378
25099232100
25099860232
25099852247

PAPI Instructions
47611387248
47611384288
47611384286
47611384288
47611384285
47611384285
47611384286
47611384282
47611384286
47611384286

PAPI L1 Misses
35980735
35932861
35860951
35849979
35942045
35916239
35951788
35896612
35858437
35956527

PAPI L2 Misses
359896
356209
354651
352904
357457
356788
357935
355277
356044
361393

PAPI Vectorial DP
0
0
0
0
0
0
0
0
0
0

File Read
2.931044e-03

File Write
4.160103e-03

Total Run
1.610296e+01

Total Step
5.853304e+00
5.851284e+00
5.851586e+00
5.852443e+00
5.851610e+00
5.851573e+00
5.852201e+00
5.851786e+00
5.852213e+00
5.851646e+00

First Drift
1.406809e-04
8.683093e-05
8.760951e-05
9.172969e-05
8.769054e-05
9.178091e-05
8.686073e-05
8.705072e-05
8.680113e-05
8.728076e-05

Compute Force
5.852884e+00
5.850945e+00
5.851250e+00
5.852096e+00
5.851282e+00
5.851238e+00
5.851874e+00
5.851459e+00
5.851887e+00
5.851314e+00

Kick
1.314515e-04
1.317607e-04
1.330003e-04
1.309114e-04
1.312513e-04
1.320513e-04
1.325309e-04
1.304606e-04
1.305211e-04
1.314115e-04

Second Drift
9.134132e-05
8.852128e-05
9.218045e-05
9.015016e-05
8.894969e-05
9.049103e-05
8.926075e-05
8.856039e-05
8.693058e-05
8.933153e-05

--- Configuration ---
nsteps: 10
dt: 1.000000e-04
eps: 5.000000e-02
G: 1.000000e+00
mass: 1.000000e+00
energy_every: 10
energy_tol: 1.000000e-03
kernel_choice: brm2
kinetic0: 1.469728e+09
potential0: -2.934067e+09
max_relative_error: 4.735181e-06
PAPI Cycles
25070117897
25069457288
25070322564
25069797024
25069828900
25069618708
25070743530
25069470596
25069571522
25069787558

PAPI Instructions
47611387246
47611384280
47611384276
47611384281
47611384276
47611384277
47611384281
47611384280
47611384278
47611384280

PAPI L1 Misses
36429788
36446274
36435707
36470756
36458876
36450700
36443296
36439009
36476310
36457758

PAPI L2 Misses
371313
364208
365914
365009
369450
366278
367607
364636
367184
368898

PAPI Vectorial DP
0
0
0
0
0
0
0
0
0
0

