File Read
2.975604e-03

File Write
2.889733e-03

Total Run
1.610333e+01

Total Step
7.732494e+00
7.730791e+00
7.740179e+00
7.737153e+00
7.736813e+00
7.736471e+00
7.738233e+00
7.737235e+00
7.737375e+00
7.736891e+00

First Drift
1.431406e-04
8.760113e-05
8.831080e-05
8.832105e-05
8.811057e-05
8.785073e-05
8.771103e-05
8.798018e-05
8.825120e-05
8.825120e-05

Compute Force
7.732075e+00
7.730447e+00
7.739828e+00
7.736823e+00
7.736470e+00
7.736137e+00
7.737882e+00
7.736903e+00
7.737039e+00
7.736545e+00

Kick
1.298115e-04
1.343414e-04
1.320112e-04
1.336113e-04
1.331009e-04
1.321221e-04
1.347112e-04
1.311814e-04
1.357812e-04
1.315502e-04

Second Drift
9.137020e-05
8.977950e-05
8.895062e-05
8.808076e-05
8.939113e-05
9.011943e-05
9.416044e-05
8.998066e-05
8.824002e-05
9.037089e-05

--- Configuration ---
nsteps: 10
dt: 1.000000e-04
eps: 5.000000e-02
G: 1.000000e+00
mass: 1.000000e+00
energy_every: 10
energy_tol: 1.000000e-03
kernel_choice: brm4
kinetic0: 1.469728e+09
potential0: -2.934067e+09
max_relative_error: 4.735181e-06
PAPI Cycles
33132656962
33131862812
33131824077
33132351337
33132171410
33132294036
33132454586
33133286704
33132142566
33131963091

PAPI Instructions
59179601227
59179598259
59179598317
59179598265
59179598267
59179598263
59179598274
59179598267
59179598267
59179598268

PAPI L1 Misses
40549944
40539747
40609666
40618538
40581920
40625376
40622884
40608192
40619414
40593250

PAPI L2 Misses
486573
470841
472062
475160
475505
474946
475206
475745
473867
471287

PAPI Vectorial DP
0
0
0
0
0
0
0
0
0
0

File Read
2.934103e-03

File Write
4.401763e-03

Total Run
1.610935e+01

Total Step
7.743856e+00
7.742725e+00
7.742637e+00
7.742550e+00
7.743014e+00
7.743106e+00
7.742341e+00
7.742720e+00
7.742168e+00
7.742859e+00

First Drift
1.489725e-04
8.698180e-05
8.738972e-05
8.721091e-05
8.717086e-05
8.665957e-05
8.751173e-05
8.715969e-05
8.729100e-05
8.743070e-05

Compute Force
7.743417e+00
7.742387e+00
7.742288e+00
7.742220e+00
7.742675e+00
7.742776e+00
7.741994e+00
7.742392e+00
7.741833e+00
7.742516e+00

Kick
1.345510e-04
1.347410e-04
1.358017e-04
1.341011e-04
1.312913e-04
1.353007e-04
1.358902e-04
1.329910e-04
1.317812e-04
1.321305e-04

Second Drift
8.981023e-05
8.733105e-05
8.945074e-05
8.923933e-05
9.154994e-05
8.775108e-05
8.845050e-05
8.901116e-05
9.642076e-05
8.953083e-05

--- Configuration ---
nsteps: 10
dt: 1.000000e-04
eps: 5.000000e-02
G: 1.000000e+00
mass: 1.000000e+00
energy_every: 10
energy_tol: 1.000000e-03
kernel_choice: brm4
kinetic0: 1.469728e+09
potential0: -2.934067e+09
max_relative_error: 4.735181e-06
PAPI Cycles
33175763956
33175666497
33177387275
33177550857
33178050334
33176010517
33176729774
33177821157
33177818714
33176673590

PAPI Instructions
59179601239
59179598271
59179598271
59179598271
59179598276
59179598268
59179598273
59179598271
59179598271
59179598270

PAPI L1 Misses
39235395
39279442
39289000
39291402
39296704
39299575
39301702
39315134
39287127
39294118

PAPI L2 Misses
572300
573757
571072
568774
572501
571698
571313
574882
571331
569309

PAPI Vectorial DP
0
0
0
0
0
0
0
0
0
0

File Read
2.938554e-03

File Write
4.429405e-03

Total Run
1.611251e+01

Total Step
7.739405e+00
7.737823e+00
7.737410e+00
7.737009e+00
7.737025e+00
7.737668e+00
7.736989e+00
7.737135e+00
7.737479e+00
7.737980e+00

First Drift
1.413124e-04
8.842163e-05
8.897111e-05
8.872058e-05
8.883048e-05
8.857064e-05
9.309128e-05
9.318069e-05
8.862000e-05
8.920114e-05

Compute Force
7.738986e+00
7.737480e+00
7.737054e+00
7.736675e+00
7.736681e+00
7.737336e+00
7.736642e+00
7.736799e+00
7.737144e+00
7.737633e+00

Kick
1.302613e-04
1.321305e-04
1.333011e-04
1.332210e-04
1.357011e-04
1.320811e-04
1.332806e-04
1.373105e-04
1.343321e-04
1.326511e-04

Second Drift
9.520166e-05
9.007100e-05
9.014085e-05
8.858088e-05
8.955970e-05
8.910056e-05
8.920114e-05
8.811150e-05
9.137020e-05
8.958112e-05

--- Configuration ---
nsteps: 10
dt: 1.000000e-04
eps: 5.000000e-02
G: 1.000000e+00
mass: 1.000000e+00
energy_every: 10
energy_tol: 1.000000e-03
kernel_choice: brm4
kinetic0: 1.469728e+09
potential0: -2.934067e+09
max_relative_error: 4.735181e-06
PAPI Cycles
33148161826
33149259944
33150080411
33149858791
33149107201
33150260319
33148693171
33149350232
33149341447
33149804416

PAPI Instructions
59179601237
59179598266
59179598269
59179598266
59179598267
59179598263
59179598267
59179598265
59179598266
59179598268

PAPI L1 Misses
38915235
38988016
38966136
38993510
38976383
38961316
38947730
38966349
38933786
38953263

PAPI L2 Misses
509047
506906
502061
504384
504086
503167
501381
501926
500307
500335

PAPI Vectorial DP
0
0
0
0
0
0
0
0
0
0

File Read
2.956895e-03

File Write
5.348032e-03

Total Run
1.611121e+01

Total Step
7.744799e+00
7.742231e+00
7.742812e+00
7.742038e+00
7.742647e+00
7.742235e+00
7.742855e+00
7.741991e+00
7.742047e+00
7.742693e+00

First Drift
1.419708e-04
8.685980e-05
8.735061e-05
9.035040e-05
9.158067e-05
8.687098e-05
8.724164e-05
8.735154e-05
8.706097e-05
8.691102e-05

Compute Force
7.744376e+00
7.741891e+00
7.742458e+00
7.741705e+00
7.742303e+00
7.741901e+00
7.742513e+00
7.741660e+00
7.741717e+00
7.742352e+00

Kick
1.330618e-04
1.364518e-04
1.364006e-04
1.330916e-04
1.347605e-04
1.337817e-04
1.306403e-04
1.328327e-04
1.344206e-04
1.319107e-04

Second Drift
8.812081e-05
8.985121e-05
9.066984e-05
8.743070e-05
8.664094e-05
8.942001e-05
8.829031e-05
8.736085e-05
8.723047e-05
9.128079e-05

--- Configuration ---
nsteps: 10
dt: 1.000000e-04
eps: 5.000000e-02
G: 1.000000e+00
mass: 1.000000e+00
energy_every: 10
energy_tol: 1.000000e-03
kernel_choice: brm4
kinetic0: 1.469728e+09
potential0: -2.934067e+09
max_relative_error: 4.735181e-06
PAPI Cycles
33175445756
33174526220
33174402482
33174502619
33174345687
33174363487
33174338329
33174256593
33174461658
33174563814

PAPI Instructions
59179601241
59179598272
59179598272
59179598268
59179598275
59179598269
59179598273
59179598269
59179598271
59179598273

PAPI L1 Misses
39679706
39634192
39642295
39650213
39626212
39597841
39579926
39593399
39585807
39605456

PAPI L2 Misses
538482
520499
517950
521579
520591
517109
516018
515472
517551
520643

PAPI Vectorial DP
0
0
0
0
0
0
0
0
0
0

File Read
2.939624e-03

File Write
4.009262e-03

Total Run
1.610866e+01

Total Step
7.736859e+00
7.735032e+00
7.735402e+00
7.734772e+00
7.734789e+00
7.734618e+00
7.735214e+00
7.735115e+00
7.735075e+00
7.734529e+00

First Drift
1.412816e-04
9.309035e-05
8.767098e-05
8.815154e-05
8.789077e-05
9.233970e-05
8.797180e-05
8.796155e-05
9.207148e-05
9.327102e-05

Compute Force
7.736429e+00
7.734674e+00
7.735048e+00
7.734436e+00
7.734443e+00
7.734283e+00
7.734865e+00
7.734781e+00
7.734742e+00
7.734178e+00

Kick
1.304410e-04
1.349309e-04
1.330813e-04
1.381012e-04
1.342008e-04
1.311218e-04
1.325505e-04
1.316611e-04
1.331316e-04
1.349207e-04

Second Drift
9.050127e-05
9.604078e-05
9.055994e-05
8.796062e-05
9.018090e-05
8.809101e-05
9.105075e-05
9.037089e-05
8.758996e-05
8.724071e-05

--- Configuration ---
nsteps: 10
dt: 1.000000e-04
eps: 5.000000e-02
G: 1.000000e+00
mass: 1.000000e+00
energy_every: 10
energy_tol: 1.000000e-03
kernel_choice: brm4
kinetic0: 1.469728e+09
potential0: -2.934067e+09
max_relative_error: 4.735181e-06
PAPI Cycles
33143517656
33143182949
33143027170
33144190855
33144402254
33144009323
33142803178
33144428562
33143295283
33142334573

PAPI Instructions
59179601231
59179598264
59179598264
59179598263
59179598265
59179598261
59179598265
59179598262
59179598265
59179598263

PAPI L1 Misses
42352256
42449644
42477591
42433374
42427650
42459784
42444936
42454352
42447351
42439767

PAPI L2 Misses
512658
518965
526765
518280
520683
522978
520390
522793
519962
522651

PAPI Vectorial DP
0
0
0
0
0
0
0
0
0
0

