File Read
2.516389e-03

File Write
6.585532e-03

Total Run
1.238900e-05

Total Step
2.076200e-04
1.520000e-05
1.503500e-05
1.498100e-05
1.499900e-05
1.496600e-05
1.501600e-05
1.495600e-05
1.497600e-05
1.497700e-05

First Drift
1.449989e-07
7.400013e-08
4.400135e-08
4.400135e-08
4.300091e-08
4.200047e-08
4.300091e-08
4.100002e-08
4.300091e-08
4.699905e-08

Compute Force
2.062850e-04
1.485700e-05
1.479400e-05
1.474500e-05
1.476000e-05
1.472500e-05
1.476500e-05
1.471200e-05
1.474000e-05
1.473800e-05

Kick
1.180015e-07
4.500180e-08
4.300091e-08
4.200047e-08
4.800313e-08
3.999958e-08
3.900277e-08
3.999958e-08
4.799949e-08
3.899913e-08

Second Drift
7.100243e-08
4.100002e-08
4.100002e-08
3.999958e-08
3.999958e-08
4.100002e-08
4.200047e-08
3.999958e-08
3.999958e-08
4.300091e-08

--- Configuration ---
nsteps: 10
dt: 1.000000e-04
eps: 5.000000e-02
G: 1.000000e+00
mass: 1.000000e+00
energy_every: 10
energy_tol: 1.000000e-03
kernel_choice: brm8
kinetic0: 1.485977e+03
potential0: -2.815053e+03
max_relative_error: 2.157347e-06
PAPI Cycles
0
0
0
0
0
0
0
0
0
0

PAPI Instructions
0
0
0
0
0
0
0
0
0
0

PAPI L1 Misses
0
0
0
0
0
0
0
0
0
0

PAPI L2 Misses
0
0
0
0
0
0
0
0
0
0

PAPI Vectorial DP
0
0
0
0
0
0
0
0
0
0

