File Read
2.965229e-03

File Write
2.927294e-03

Total Run
1.610628e+01

Total Step
7.535073e+00
7.532653e+00
7.533417e+00
7.532748e+00
7.532657e+00
7.532690e+00
7.533295e+00
7.532691e+00
7.532559e+00
7.532613e+00

First Drift
1.439508e-04
8.760951e-05
8.751079e-05
8.753967e-05
8.763094e-05
9.178091e-05
8.748099e-05
9.191129e-05
8.816086e-05
8.787028e-05

Compute Force
7.534652e+00
7.532313e+00
7.533065e+00
7.532419e+00
7.532326e+00
7.532357e+00
7.532964e+00
7.532349e+00
7.532216e+00
7.532285e+00

Kick
1.295209e-04
1.344997e-04
1.328709e-04
1.307614e-04
1.299409e-04
1.301616e-04
1.301309e-04
1.323223e-04
1.398614e-04
1.307409e-04

Second Drift
9.024143e-05
8.783117e-05
9.158067e-05
8.894037e-05
8.977018e-05
8.873083e-05
8.925144e-05
9.086076e-05
9.027962e-05
8.940045e-05

--- Configuration ---
nsteps: 10
dt: 1.000000e-04
eps: 5.000000e-02
G: 1.000000e+00
mass: 1.000000e+00
energy_every: 10
energy_tol: 1.000000e-03
kernel_choice: m16
kinetic0: 1.469728e+09
potential0: -2.934067e+09
max_relative_error: 4.354343e-08
PAPI Cycles
32270688733
32269711758
32269780023
32269770557
32269753154
32269849014
32269704883
32269832644
32269957118
32269751389

PAPI Instructions
23750165565
23750164255
23750164291
23750164293
23750164290
23750164292
23750164290
23750164291
23750164295
23750164290

PAPI L1 Misses
234798464
234793700
234792503
234789427
234793490
234792487
234791417
234792381
234793423
234790852

PAPI L2 Misses
628799
662764
656005
647641
655611
657974
653707
661942
650069
653449

PAPI Vectorial DP
0
0
0
0
0
0
0
0
0
0

File Read
3.040694e-03

File Write
5.375186e-03

Total Run
1.612119e+01

Total Step
7.540435e+00
7.537874e+00
7.538587e+00
7.538150e+00
7.538264e+00
7.538452e+00
7.538601e+00
7.538161e+00
7.538049e+00
7.538121e+00

First Drift
1.432411e-04
8.733012e-05
8.726120e-05
8.690078e-05
8.703023e-05
8.696131e-05
8.727144e-05
8.653104e-05
9.125099e-05
9.112060e-05

Compute Force
7.540004e+00
7.537539e+00
7.538238e+00
7.537818e+00
7.537936e+00
7.538119e+00
7.538269e+00
7.537823e+00
7.537706e+00
7.537784e+00

Kick
1.345808e-04
1.346013e-04
1.324909e-04
1.336904e-04
1.324611e-04
1.383722e-04
1.346115e-04
1.338022e-04
1.355009e-04
1.364313e-04

Second Drift
8.843094e-05
8.652080e-05
8.650962e-05
8.666050e-05
8.621067e-05
8.720066e-05
8.743070e-05
8.657109e-05
8.672103e-05
8.556060e-05

--- Configuration ---
nsteps: 10
dt: 1.000000e-04
eps: 5.000000e-02
G: 1.000000e+00
mass: 1.000000e+00
energy_every: 10
energy_tol: 1.000000e-03
kernel_choice: m16
kinetic0: 1.469728e+09
potential0: -2.934067e+09
max_relative_error: 4.354343e-08
PAPI Cycles
32275536319
32274653170
32274522968
32274381061
32274429423
32274414027
32274453245
32274481549
32274360311
32274430719

PAPI Instructions
23750165568
23750164297
23750164300
23750164296
23750164298
23750164298
23750164297
23750164297
23750164295
23750164297

PAPI L1 Misses
234793931
234791501
234792379
234791326
234790861
234790259
234792530
234794855
234794193
234792716

PAPI L2 Misses
617156
633259
635758
636145
628671
627023
639901
639750
641745
634457

PAPI Vectorial DP
0
0
0
0
0
0
0
0
0
0

File Read
2.939207e-03

File Write
4.936640e-03

Total Run
1.610381e+01

Total Step
7.539486e+00
7.537339e+00
7.537264e+00
7.537861e+00
7.537251e+00
7.536283e+00
7.536920e+00
7.537925e+00
7.537242e+00
7.537353e+00

First Drift
1.415713e-04
8.715969e-05
9.162165e-05
8.747168e-05
8.691102e-05
8.704141e-05
8.731149e-05
8.730032e-05
8.748099e-05
8.695945e-05

Compute Force
7.539053e+00
7.537003e+00
7.536914e+00
7.537525e+00
7.536926e+00
7.535956e+00
7.536590e+00
7.537587e+00
7.536906e+00
7.537014e+00

Kick
1.348713e-04
1.328802e-04
1.307810e-04
1.381813e-04
1.322208e-04
1.332005e-04
1.319405e-04
1.324210e-04
1.319107e-04
1.405710e-04

Second Drift
8.671079e-05
8.693989e-05
8.769054e-05
8.737016e-05
8.634105e-05
8.690171e-05
8.898135e-05
8.692127e-05
8.646958e-05
8.686073e-05

--- Configuration ---
nsteps: 10
dt: 1.000000e-04
eps: 5.000000e-02
G: 1.000000e+00
mass: 1.000000e+00
energy_every: 10
energy_tol: 1.000000e-03
kernel_choice: m16
kinetic0: 1.469728e+09
potential0: -2.934067e+09
max_relative_error: 4.354343e-08
PAPI Cycles
32273442175
32272248561
32272205576
32272226094
32272416994
32272141634
32272305904
32272341637
32272216259
32272212411

PAPI Instructions
23750165564
23750164300
23750164297
23750164296
23750164259
23750164295
23750164293
23750164298
23750164296
23750164299

PAPI L1 Misses
234788474
234784451
234783870
234785372
234786593
234785323
234784547
234786037
234785061
234783477

PAPI L2 Misses
635197
642410
648090
652827
656602
662816
652981
646391
642344
650666

PAPI Vectorial DP
0
0
0
0
0
0
0
0
0
0

File Read
3.068485e-03

File Write
4.521047e-03

Total Run
1.612350e+01

Total Step
7.539817e+00
7.537653e+00
7.537452e+00
7.537948e+00
7.537542e+00
7.537611e+00
7.538228e+00
7.538272e+00
7.537274e+00
7.537600e+00

First Drift
1.450507e-04
8.707121e-05
8.730125e-05
8.741114e-05
8.759089e-05
8.712150e-05
8.716062e-05
8.701999e-05
8.675084e-05
8.724071e-05

Compute Force
7.539375e+00
7.537318e+00
7.537101e+00
7.537610e+00
7.537208e+00
7.537286e+00
7.537898e+00
7.537928e+00
7.536932e+00
7.537269e+00

Kick
1.327517e-04
1.337007e-04
1.400020e-04
1.423815e-04
1.352914e-04
1.306813e-04
1.339912e-04
1.342809e-04
1.340816e-04
1.325514e-04

Second Drift
9.221956e-05
8.633081e-05
8.805096e-05
8.785073e-05
8.613989e-05
8.703116e-05
8.696131e-05
8.684024e-05
9.123143e-05
8.727051e-05

--- Configuration ---
nsteps: 10
dt: 1.000000e-04
eps: 5.000000e-02
G: 1.000000e+00
mass: 1.000000e+00
energy_every: 10
energy_tol: 1.000000e-03
kernel_choice: m16
kinetic0: 1.469728e+09
potential0: -2.934067e+09
max_relative_error: 4.354343e-08
PAPI Cycles
32274239003
32273232203
32273040842
32273176564
32273331853
32273261469
32273320964
32273271831
32273209732
32273392640

PAPI Instructions
23750165567
23750164296
23750164297
23750164296
23750164294
23750164207
23750164298
23750164296
23750164296
23750164206

PAPI L1 Misses
234801548
234796357
234795696
234799966
234800785
234798237
234798369
234795595
234796771
234794482

PAPI L2 Misses
590108
603338
613782
625194
637390
626525
624717
607596
615036
622407

PAPI Vectorial DP
0
0
0
0
0
0
0
0
0
0

File Read
2.980494e-03

File Write
3.941121e-03

Total Run
1.610418e+01

Total Step
7.539241e+00
7.536990e+00
7.537201e+00
7.537883e+00
7.537209e+00
7.537110e+00
7.537160e+00
7.537780e+00
7.536968e+00
7.536227e+00

First Drift
1.411606e-04
8.717086e-05
8.706003e-05
8.753967e-05
8.711126e-05
8.775014e-05
8.809101e-05
8.774083e-05
8.726958e-05
8.730032e-05

Compute Force
7.538810e+00
7.536657e+00
7.536854e+00
7.537549e+00
7.536874e+00
7.536777e+00
7.536812e+00
7.537435e+00
7.536628e+00
7.535891e+00

Kick
1.333216e-04
1.341114e-04
1.349011e-04
1.345407e-04
1.362711e-04
1.339410e-04
1.355708e-04
1.346106e-04
1.344513e-04
1.336206e-04

Second Drift
8.960068e-05
8.696038e-05
8.658133e-05
8.777063e-05
8.647051e-05
8.819997e-05
9.565055e-05
8.712150e-05
8.783024e-05
9.112060e-05

--- Configuration ---
nsteps: 10
dt: 1.000000e-04
eps: 5.000000e-02
G: 1.000000e+00
mass: 1.000000e+00
energy_every: 10
energy_tol: 1.000000e-03
kernel_choice: m16
kinetic0: 1.469728e+09
potential0: -2.934067e+09
max_relative_error: 4.354343e-08
PAPI Cycles
32271490554
32270825046
32270938314
32270790667
32270688970
32270895561
32270953365
32270906032
32270918539
32270931610

PAPI Instructions
23750165568
23750164296
23750164299
23750164295
23750164297
23750164295
23750164296
23750164295
23750164297
23750164292

PAPI L1 Misses
234799571
234800637
234803230
234802509
234803384
234799943
234798678
234799467
234800538
234798979

PAPI L2 Misses
611854
628137
665414
641497
646914
636475
645980
645993
634200
659095

PAPI Vectorial DP
0
0
0
0
0
0
0
0
0
0

