File Read
2.556290e-03

File Write
2.910114e-03

Total Run
1.234800e-05

Total Step
2.121540e-04
1.289300e-05
1.278700e-05
1.278300e-05
1.280100e-05
1.276400e-05
1.280400e-05
1.275700e-05
1.279700e-05
1.278000e-05

First Drift
1.199987e-07
6.700066e-08
4.699905e-08
4.100002e-08
3.999958e-08
3.999958e-08
4.100002e-08
4.199683e-08
4.199683e-08
4.100002e-08

Compute Force
2.109520e-04
1.257200e-05
1.255300e-05
1.255100e-05
1.257300e-05
1.253500e-05
1.257500e-05
1.252900e-05
1.256400e-05
1.255100e-05

Kick
1.109984e-07
4.599860e-08
4.100002e-08
4.399772e-08
3.999958e-08
4.100002e-08
3.999958e-08
4.100002e-08
3.999958e-08
4.100002e-08

Second Drift
9.199721e-08
4.100002e-08
3.999958e-08
3.999958e-08
3.999958e-08
4.199683e-08
4.100002e-08
3.999958e-08
4.199683e-08
3.999958e-08

--- Configuration ---
nsteps: 10
dt: 1.000000e-04
eps: 5.000000e-02
G: 1.000000e+00
mass: 1.000000e+00
energy_every: 10
energy_tol: 1.000000e-03
kernel_choice: m2
kinetic0: 1.485977e+03
potential0: -2.815053e+03
max_relative_error: 1.666467e-08
PAPI Cycles
0
0
0
0
0
0
0
0
0
0

PAPI Instructions
0
0
0
0
0
0
0
0
0
0

PAPI L1 Misses
0
0
0
0
0
0
0
0
0
0

PAPI L2 Misses
0
0
0
0
0
0
0
0
0
0

PAPI Vectorial DP
0
0
0
0
0
0
0
0
0
0

