File Read
2.363395e-03

File Write
3.288489e-03

Total Run
1.248400e-05

Total Step
2.729620e-04
1.244400e-05
1.229900e-05
1.232700e-05
1.228000e-05
1.230000e-05
1.232400e-05
1.230900e-05
1.234600e-05
1.229800e-05

First Drift
9.999712e-08
7.500057e-08
4.499816e-08
3.899913e-08
3.900277e-08
3.999958e-08
3.900277e-08
3.899913e-08
3.999958e-08
3.899913e-08

Compute Force
2.717460e-04
1.208900e-05
1.206600e-05
1.210300e-05
1.205700e-05
1.207500e-05
1.209900e-05
1.208500e-05
1.211900e-05
1.207400e-05

Kick
1.320004e-07
4.899994e-08
3.999958e-08
3.999958e-08
3.900277e-08
3.900277e-08
3.899913e-08
4.100002e-08
4.100002e-08
3.999958e-08

Second Drift
1.769986e-07
5.000038e-08
3.999958e-08
3.999958e-08
3.899913e-08
3.899913e-08
3.999958e-08
4.100002e-08
3.899913e-08
4.100002e-08

--- Configuration ---
nsteps: 10
dt: 1.000000e-04
eps: 5.000000e-02
G: 1.000000e+00
mass: 1.000000e+00
energy_every: 10
energy_tol: 1.000000e-03
kernel_choice: m4
kinetic0: 1.485977e+03
potential0: -2.815053e+03
max_relative_error: 1.666467e-08
PAPI Cycles
0
0
0
0
0
0
0
0
0
0

PAPI Instructions
0
0
0
0
0
0
0
0
0
0

PAPI L1 Misses
0
0
0
0
0
0
0
0
0
0

PAPI L2 Misses
0
0
0
0
0
0
0
0
0
0

PAPI Vectorial DP
0
0
0
0
0
0
0
0
0
0

