File Read
2.855516e-03

File Write
3.924175e-03

Total Run
1.232600e-05

Total Step
2.589340e-04
1.225300e-05
1.216000e-05
1.214600e-05
1.211000e-05
1.213000e-05
1.210900e-05
1.213800e-05
1.213200e-05
1.211000e-05

First Drift
2.390007e-07
7.899871e-08
4.600224e-08
4.400135e-08
4.100002e-08
4.200047e-08
4.000321e-08
3.899913e-08
4.000321e-08
3.799869e-08

Compute Force
2.576910e-04
1.191000e-05
1.192100e-05
1.191300e-05
1.188100e-05
1.190000e-05
1.188400e-05
1.191100e-05
1.190400e-05
1.188400e-05

Kick
1.070002e-07
5.000038e-08
3.899913e-08
3.899913e-08
3.999958e-08
3.899913e-08
3.900277e-08
3.900277e-08
3.999958e-08
3.999958e-08

Second Drift
9.399810e-08
4.499816e-08
3.899913e-08
3.899913e-08
3.999958e-08
3.999958e-08
3.900277e-08
3.999958e-08
3.999958e-08
4.000321e-08

--- Configuration ---
nsteps: 10
dt: 1.000000e-04
eps: 5.000000e-02
G: 1.000000e+00
mass: 1.000000e+00
energy_every: 10
energy_tol: 1.000000e-03
kernel_choice: m8
kinetic0: 1.485977e+03
potential0: -2.815053e+03
max_relative_error: 1.666467e-08
PAPI Cycles
0
0
0
0
0
0
0
0
0
0

PAPI Instructions
0
0
0
0
0
0
0
0
0
0

PAPI L1 Misses
0
0
0
0
0
0
0
0
0
0

PAPI L2 Misses
0
0
0
0
0
0
0
0
0
0

PAPI Vectorial DP
0
0
0
0
0
0
0
0
0
0

