File Read
3.516687e-03

File Write
4.108945e-03

Total Run
1.243100e-05

Total Step
1.119700e-05
9.130999e-06
9.105002e-06
9.093001e-06
9.151998e-06
9.044001e-06
9.027000e-06
9.064002e-06
9.040003e-06
9.021001e-06

First Drift
1.469998e-07
4.599860e-08
4.200047e-08
4.100002e-08
4.000321e-08
3.699824e-08
3.699824e-08
4.699905e-08
4.300091e-08
4.300091e-08

Compute Force
1.023900e-05
8.891999e-06
8.846000e-06
8.849001e-06
8.906001e-06
8.810999e-06
8.807001e-06
8.827003e-06
8.809999e-06
8.789000e-06

Kick
8.599818e-08
4.300091e-08
4.399772e-08
4.800313e-08
3.699824e-08
4.400135e-08
3.899913e-08
4.200047e-08
3.899913e-08
3.799869e-08

Second Drift
8.599818e-08
4.500180e-08
4.799949e-08
3.999958e-08
4.500180e-08
3.999958e-08
3.600144e-08
3.799869e-08
3.899913e-08
3.799869e-08

--- Configuration ---
nsteps: 10
dt: 1.000000e-04
eps: 5.000000e-02
G: 1.000000e+00
mass: 1.000000e+00
energy_every: 10
energy_tol: 1.000000e-03
kernel_choice: rm16
kinetic0: 1.485977e+03
potential0: -2.815053e+03
max_relative_error: 2.157347e-06
PAPI Cycles
0
0
0
0
0
0
0
0
0
0

PAPI Instructions
0
0
0
0
0
0
0
0
0
0

PAPI L1 Misses
0
0
0
0
0
0
0
0
0
0

PAPI L2 Misses
0
0
0
0
0
0
0
0
0
0

PAPI Vectorial DP
0
0
0
0
0
0
0
0
0
0

