File Read
3.020855e-03

File Write
2.888403e-03

Total Run
1.611461e+01

Total Step
4.076154e+00
4.074064e+00
4.073961e+00
4.074014e+00
4.074417e+00
4.074360e+00
4.073955e+00
4.074787e+00
4.074031e+00
4.074006e+00

First Drift
1.396611e-04
8.685049e-05
8.788053e-05
8.735992e-05
8.687098e-05
8.685049e-05
8.687936e-05
8.700136e-05
8.666143e-05
8.691102e-05

Compute Force
4.075718e+00
4.073734e+00
4.073620e+00
4.073686e+00
4.074087e+00
4.074017e+00
4.073621e+00
4.074457e+00
4.073704e+00
4.073680e+00

Kick
1.352113e-04
1.320010e-04
1.335414e-04
1.329007e-04
1.345109e-04
1.331018e-04
1.333710e-04
1.347419e-04
1.344718e-04
1.337212e-04

Second Drift
8.653104e-05
8.655153e-05
8.694082e-05
8.798111e-05
8.600112e-05
9.074062e-05
9.058136e-05
8.563045e-05
8.734129e-05
8.544140e-05

--- Configuration ---
nsteps: 10
dt: 1.000000e-04
eps: 5.000000e-02
G: 1.000000e+00
mass: 1.000000e+00
energy_every: 10
energy_tol: 1.000000e-03
kernel_choice: rm2
kinetic0: 1.469728e+09
potential0: -2.934067e+09
max_relative_error: 4.735181e-06
PAPI Cycles
17454017159
17452534845
17453550300
17451625846
17452377731
17453170347
17451704198
17452372338
17452143132
17452092515

PAPI Instructions
32500180858
32500179590
32500179590
32500179589
32500179592
32500179590
32500179589
32500179587
32500179590
32500179588

PAPI L1 Misses
469276636
469264365
469262431
469263770
469264672
469263284
469263534
469261568
469265191
469264993

PAPI L2 Misses
881996
891727
889535
886641
884682
882399
889308
886169
888494
884684

PAPI Vectorial DP
0
0
0
0
0
0
0
0
0
0

File Read
2.841218e-03

File Write
3.986494e-03

Total Run
1.611099e+01

Total Step
4.078971e+00
4.076786e+00
4.076705e+00
4.076592e+00
4.076689e+00
4.076805e+00
4.076839e+00
4.076558e+00
4.077465e+00
4.076619e+00

First Drift
1.417920e-04
8.672941e-05
9.456091e-05
8.762069e-05
8.711126e-05
9.151176e-05
8.718017e-05
8.704048e-05
8.699112e-05
8.677132e-05

Compute Force
4.078550e+00
4.076457e+00
4.076351e+00
4.076263e+00
4.076358e+00
4.076463e+00
4.076509e+00
4.076228e+00
4.077136e+00
4.076292e+00

Kick
1.370013e-04
1.333505e-04
1.331316e-04
1.330404e-04
1.330506e-04
1.331707e-04
1.341309e-04
1.369510e-04
1.341915e-04
1.325207e-04

Second Drift
8.591078e-05
8.666981e-05
8.631125e-05
8.584093e-05
8.696131e-05
8.636992e-05
8.682068e-05
8.713081e-05
8.784141e-05
8.572079e-05

--- Configuration ---
nsteps: 10
dt: 1.000000e-04
eps: 5.000000e-02
G: 1.000000e+00
mass: 1.000000e+00
energy_every: 10
energy_tol: 1.000000e-03
kernel_choice: rm2
kinetic0: 1.469728e+09
potential0: -2.934067e+09
max_relative_error: 4.735181e-06
PAPI Cycles
17460367126
17459792006
17459305406
17459721678
17459864388
17459528662
17460204571
17459342002
17459822719
17459416228

PAPI Instructions
32500180857
32500179592
32500179591
32500179591
32500179592
32500179593
32500179593
32500179590
32500179594
32500179591

PAPI L1 Misses
469279393
469271031
469268812
469268320
469269161
469268019
469269535
469269024
469270769
469269183

PAPI L2 Misses
895861
891295
898064
894402
887869
890044
888609
892288
892936
892482

PAPI Vectorial DP
0
0
0
0
0
0
0
0
0
0

File Read
2.996825e-03

File Write
4.602007e-03

Total Run
1.612381e+01

Total Step
4.076528e+00
4.075460e+00
4.075169e+00
4.074836e+00
4.074851e+00
4.074852e+00
4.075161e+00
4.075022e+00
4.075266e+00
4.074867e+00

First Drift
1.451317e-04
8.738041e-05
9.191036e-05
8.792058e-05
9.163097e-05
8.725002e-05
8.752011e-05
8.750148e-05
8.736085e-05
8.762162e-05

Compute Force
4.076096e+00
4.075132e+00
4.074817e+00
4.074506e+00
4.074515e+00
4.074510e+00
4.074831e+00
4.074694e+00
4.074934e+00
4.074537e+00

Kick
1.307307e-04
1.314813e-04
1.367908e-04
1.310315e-04
1.310417e-04
1.313109e-04
1.293914e-04
1.317319e-04
1.302613e-04
1.311414e-04

Second Drift
8.860137e-05
8.784048e-05
8.862093e-05
8.843187e-05
8.825120e-05
8.773059e-05
8.956064e-05
8.905120e-05
9.309128e-05
8.790102e-05

--- Configuration ---
nsteps: 10
dt: 1.000000e-04
eps: 5.000000e-02
G: 1.000000e+00
mass: 1.000000e+00
energy_every: 10
energy_tol: 1.000000e-03
kernel_choice: rm2
kinetic0: 1.469728e+09
potential0: -2.934067e+09
max_relative_error: 4.735181e-06
PAPI Cycles
17446650637
17446767882
17446940179
17446889718
17446847197
17446716254
17446836941
17446599774
17445925466
17446029179

PAPI Instructions
32500180860
32500179590
32500179591
32500179588
32500179590
32500179591
32500179593
32500179589
32500179590
32500179588

PAPI L1 Misses
469457264
469440993
469447146
469445156
469440081
469442897
469445789
469445672
469448118
469444263

PAPI L2 Misses
1047899
1044163
1041523
1052936
1047682
1048902
1054042
1044638
1050453
1049353

PAPI Vectorial DP
0
0
0
0
0
0
0
0
0
0

File Read
2.978874e-03

File Write
8.230288e-03

Total Run
1.611876e+01

Total Step
4.077189e+00
4.075317e+00
4.075954e+00
4.075213e+00
4.075263e+00
4.075379e+00
4.075191e+00
4.075058e+00
4.074796e+00
4.075819e+00

First Drift
1.400504e-04
8.636061e-05
8.683000e-05
8.657109e-05
9.065121e-05
8.702092e-05
8.658133e-05
8.747075e-05
8.667167e-05
8.677039e-05

Compute Force
4.076758e+00
4.074986e+00
4.075606e+00
4.074885e+00
4.074926e+00
4.075039e+00
4.074863e+00
4.074725e+00
4.074468e+00
4.075487e+00

Kick
1.346413e-04
1.340611e-04
1.343610e-04
1.320606e-04
1.323214e-04
1.328811e-04
1.320308e-04
1.336113e-04
1.318716e-04
1.350315e-04

Second Drift
8.540042e-05
8.556060e-05
8.655060e-05
8.584000e-05
8.518063e-05
8.573104e-05
8.656085e-05
8.634105e-05
8.708052e-05
8.650031e-05

--- Configuration ---
nsteps: 10
dt: 1.000000e-04
eps: 5.000000e-02
G: 1.000000e+00
mass: 1.000000e+00
energy_every: 10
energy_tol: 1.000000e-03
kernel_choice: rm2
kinetic0: 1.469728e+09
potential0: -2.934067e+09
max_relative_error: 4.735181e-06
PAPI Cycles
17448503212
17448444072
17447936491
17448062742
17448154489
17448256425
17448061667
17448308278
17447654911
17448117261

PAPI Instructions
32500180860
32500179591
32500179590
32500179591
32500179588
32500179593
32500179591
32500179589
32500179591
32500179498

PAPI L1 Misses
469279272
469269244
469269387
469269375
469271647
469271273
469269898
469269182
469269543
469268237

PAPI L2 Misses
1100983
1110163
1107244
1102364
1110014
1104882
1117930
1106381
1111611
1102027

PAPI Vectorial DP
0
0
0
0
0
0
0
0
0
0

File Read
3.048364e-03

File Write
4.233693e-03

Total Run
1.613126e+01

Total Step
4.077304e+00
4.075546e+00
4.076368e+00
4.075504e+00
4.075056e+00
4.075502e+00
4.075302e+00
4.075838e+00
4.075607e+00
4.076583e+00

First Drift
1.495108e-04
8.726027e-05
8.721929e-05
8.720066e-05
8.743163e-05
8.754153e-05
8.732080e-05
8.706935e-05
8.744095e-05
9.176042e-05

Compute Force
4.076856e+00
4.075212e+00
4.076015e+00
4.075175e+00
4.074723e+00
4.075155e+00
4.074971e+00
4.075503e+00
4.075274e+00
4.076249e+00

Kick
1.364918e-04
1.354916e-04
1.396211e-04
1.315316e-04
1.354106e-04
1.383610e-04
1.339410e-04
1.360606e-04
1.351107e-04
1.342604e-04

Second Drift
8.634944e-05
8.760113e-05
8.667074e-05
8.654129e-05
8.649100e-05
8.665118e-05
8.643046e-05
8.973945e-05
8.590147e-05
8.670148e-05

--- Configuration ---
nsteps: 10
dt: 1.000000e-04
eps: 5.000000e-02
G: 1.000000e+00
mass: 1.000000e+00
energy_every: 10
energy_tol: 1.000000e-03
kernel_choice: rm2
kinetic0: 1.469728e+09
potential0: -2.934067e+09
max_relative_error: 4.735181e-06
PAPI Cycles
17450234923
17449835793
17450462331
17449483005
17449805030
17449644770
17449517108
17449849829
17449588266
17449811164

PAPI Instructions
32500180859
32500179591
32500179590
32500179591
32500179589
32500179593
32500179589
32500179595
32500179589
32500179593

PAPI L1 Misses
469278962
469268101
469263189
469265308
469264847
469266928
469264502
469266112
469267183
469265674

PAPI L2 Misses
885394
896031
886951
894131
891489
898069
893425
897343
884856
888061

PAPI Vectorial DP
0
0
0
0
0
0
0
0
0
0

