File Read
2.978934e-03

File Write
2.916703e-03

Total Run
1.610154e+01

Total Step
4.076081e+00
4.074687e+00
4.074334e+00
4.075141e+00
4.074582e+00
4.074555e+00
4.074384e+00
4.074219e+00
4.074236e+00
4.074127e+00

First Drift
1.471015e-04
8.719042e-05
8.726027e-05
8.709077e-05
8.697063e-05
8.734968e-05
8.714013e-05
8.679088e-05
8.762162e-05
8.709077e-05

Compute Force
4.075627e+00
4.074348e+00
4.073976e+00
4.074805e+00
4.074247e+00
4.074199e+00
4.074045e+00
4.073878e+00
4.073899e+00
4.073792e+00

Kick
1.473604e-04
1.419913e-04
1.458218e-04
1.401510e-04
1.400514e-04
1.428314e-04
1.415508e-04
1.400812e-04
1.404108e-04
1.393910e-04

Second Drift
8.731987e-05
8.631125e-05
8.735061e-05
8.734036e-05
8.604117e-05
8.629076e-05
8.600019e-05
9.062048e-05
8.589122e-05
8.569099e-05

--- Configuration ---
nsteps: 10
dt: 1.000000e-04
eps: 5.000000e-02
G: 1.000000e+00
mass: 1.000000e+00
energy_every: 10
energy_tol: 1.000000e-03
kernel_choice: rm4
kinetic0: 1.469728e+09
potential0: -2.934067e+09
max_relative_error: 4.735181e-06
PAPI Cycles
17453190652
17453329041
17452564695
17453427081
17453778792
17453752417
17453658621
17453059164
17453263432
17452467261

PAPI Instructions
32500180860
32500179594
32500179591
32500179595
32500179590
32500179594
32500179590
32500179590
32500179592
32500179590

PAPI L1 Misses
469244362
469236132
469235966
469235058
469237054
469236529
469235723
469236421
469236383
469236143

PAPI L2 Misses
822037
830018
825880
828177
821702
824942
825022
831986
823392
821537

PAPI Vectorial DP
0
0
0
0
0
0
0
0
0
0

File Read
2.903364e-03

File Write
5.958539e-03

Total Run
1.610492e+01

Total Step
4.065441e+00
4.063362e+00
4.063519e+00
4.063804e+00
4.064140e+00
4.063691e+00
4.063746e+00
4.064018e+00
4.063656e+00
4.063913e+00

First Drift
1.434106e-04
8.704048e-05
9.120163e-05
8.690078e-05
8.696038e-05
8.712057e-05
8.761976e-05
8.744095e-05
8.724164e-05
8.724164e-05

Compute Force
4.065008e+00
4.063032e+00
4.063172e+00
4.063472e+00
4.063810e+00
4.063345e+00
4.063419e+00
4.063690e+00
4.063327e+00
4.063584e+00

Kick
1.385808e-04
1.322813e-04
1.335312e-04
1.355615e-04
1.350418e-04
1.353417e-04
1.337202e-04
1.352206e-04
1.362618e-04
1.356807e-04

Second Drift
8.684024e-05
8.649006e-05
8.609146e-05
8.579064e-05
8.693058e-05
9.080116e-05
8.560065e-05
8.556154e-05
8.573104e-05
8.709170e-05

--- Configuration ---
nsteps: 10
dt: 1.000000e-04
eps: 5.000000e-02
G: 1.000000e+00
mass: 1.000000e+00
energy_every: 10
energy_tol: 1.000000e-03
kernel_choice: rm4
kinetic0: 1.469728e+09
potential0: -2.934067e+09
max_relative_error: 4.735181e-06
PAPI Cycles
17404739110
17403092512
17403224915
17404475279
17403215655
17402982719
17403864797
17404036943
17403730933
17404437342

PAPI Instructions
32500180850
32500179581
32500179580
32500179582
32500179579
32500179583
32500179579
32500179580
32500179582
32500179583

PAPI L1 Misses
469244068
469235693
469236059
469235847
469236244
469236406
469237046
469236337
469236212
469235092

PAPI L2 Misses
914147
916636
926284
920113
927507
924595
920363
921706
920978
921800

PAPI Vectorial DP
0
0
0
0
0
0
0
0
0
0

File Read
2.887503e-03

File Write
5.559709e-03

Total Run
1.611076e+01

Total Step
4.075559e+00
4.073756e+00
4.073982e+00
4.074105e+00
4.073936e+00
4.074732e+00
4.073293e+00
4.073782e+00
4.073912e+00
4.073808e+00

First Drift
1.417715e-04
8.754060e-05
8.731987e-05
8.767005e-05
8.773059e-05
8.759182e-05
8.783117e-05
8.789171e-05
8.750986e-05
8.809101e-05

Compute Force
4.075101e+00
4.073392e+00
4.073617e+00
4.073751e+00
4.073581e+00
4.074361e+00
4.072941e+00
4.073433e+00
4.073559e+00
4.073452e+00

Kick
1.591211e-04
1.570815e-04
1.557413e-04
1.553716e-04
1.532612e-04
1.591705e-04
1.570024e-04
1.543015e-04
1.564110e-04
1.588920e-04

Second Drift
8.798949e-05
8.720066e-05
8.747168e-05
8.742977e-05
8.926075e-05
8.821115e-05
8.703023e-05
8.653104e-05
8.722953e-05
8.679088e-05

--- Configuration ---
nsteps: 10
dt: 1.000000e-04
eps: 5.000000e-02
G: 1.000000e+00
mass: 1.000000e+00
energy_every: 10
energy_tol: 1.000000e-03
kernel_choice: rm4
kinetic0: 1.469728e+09
potential0: -2.934067e+09
max_relative_error: 4.735181e-06
PAPI Cycles
17441201737
17441146388
17441652716
17440982284
17441247062
17441099924
17441122196
17441291448
17441589690
17441504463

PAPI Instructions
32500180860
32500179591
32500179593
32500179594
32500179590
32500179595
32500179591
32500179554
32500179592
32500179589

PAPI L1 Misses
469265025
469255467
469256914
469257138
469255452
469258248
469253449
469256177
469255950
469255189

PAPI L2 Misses
861891
859144
862267
859110
861522
861342
862789
859189
853877
859005

PAPI Vectorial DP
0
0
0
0
0
0
0
0
0
0

File Read
2.982124e-03

File Write
4.374185e-03

Total Run
1.617597e+01

Total Step
4.071057e+00
4.069070e+00
4.069184e+00
4.068666e+00
4.068737e+00
4.069244e+00
4.069769e+00
4.069168e+00
4.069108e+00
4.069134e+00

First Drift
1.380304e-04
8.654036e-05
8.701161e-05
8.672941e-05
8.717086e-05
8.693058e-05
8.688960e-05
8.690078e-05
8.750055e-05
8.669961e-05

Compute Force
4.070625e+00
4.068743e+00
4.068838e+00
4.068339e+00
4.068409e+00
4.068904e+00
4.069436e+00
4.068838e+00
4.068779e+00
4.068804e+00

Kick
1.373710e-04
1.335908e-04
1.332108e-04
1.329817e-04
1.333114e-04
1.336513e-04
1.354916e-04
1.320010e-04
1.323307e-04
1.331512e-04

Second Drift
8.685049e-05
8.619949e-05
9.003095e-05
8.565094e-05
8.612033e-05
8.704141e-05
8.650031e-05
8.671079e-05
8.674152e-05
8.713081e-05

--- Configuration ---
nsteps: 10
dt: 1.000000e-04
eps: 5.000000e-02
G: 1.000000e+00
mass: 1.000000e+00
energy_every: 10
energy_tol: 1.000000e-03
kernel_choice: rm4
kinetic0: 1.469728e+09
potential0: -2.934067e+09
max_relative_error: 4.735181e-06
PAPI Cycles
17422259277
17421597451
17422646366
17422568206
17420684358
17422105652
17422467612
17422087882
17422232106
17422093560

PAPI Instructions
32500180855
32500179587
32500179586
32500179586
32500179586
32500179590
32500179586
32500179585
32500179587
32500179585

PAPI L1 Misses
469245740
469238756
469237422
469236494
469239501
469239429
469239861
469239244
469238690
469239965

PAPI L2 Misses
962177
967183
965109
971000
968383
964829
966481
970882
964884
966025

PAPI Vectorial DP
0
0
0
0
0
0
0
0
0
0

File Read
3.003154e-03

File Write
5.186602e-03

Total Run
1.612155e+01

Total Step
4.069196e+00
4.067945e+00
4.067884e+00
4.068026e+00
4.067865e+00
4.067561e+00
4.068653e+00
4.067813e+00
4.067870e+00
4.067756e+00

First Drift
1.443019e-04
8.675177e-05
8.726027e-05
8.734036e-05
8.736178e-05
8.722022e-05
8.664094e-05
8.704141e-05
8.699019e-05
8.682068e-05

Compute Force
4.068761e+00
4.067617e+00
4.067541e+00
4.067697e+00
4.067538e+00
4.067215e+00
4.068327e+00
4.067485e+00
4.067539e+00
4.067421e+00

Kick
1.352904e-04
1.348816e-04
1.323605e-04
1.339205e-04
1.335507e-04
1.348602e-04
1.327218e-04
1.328709e-04
1.345007e-04
1.375908e-04

Second Drift
8.718111e-05
8.639134e-05
8.738134e-05
8.632056e-05
8.788053e-05
9.264052e-05
8.585025e-05
8.574035e-05
8.579157e-05
8.708984e-05

--- Configuration ---
nsteps: 10
dt: 1.000000e-04
eps: 5.000000e-02
G: 1.000000e+00
mass: 1.000000e+00
energy_every: 10
energy_tol: 1.000000e-03
kernel_choice: rm4
kinetic0: 1.469728e+09
potential0: -2.934067e+09
max_relative_error: 4.735181e-06
PAPI Cycles
17417768334
17417584962
17416941205
17417040795
17416801438
17415909686
17417579320
17416949027
17417215939
17416533112

PAPI Instructions
32500180852
32500179584
32500179587
32500179586
32500179584
32500179587
32500179583
32500179586
32500179584
32500179585

PAPI L1 Misses
469254113
469243880
469246474
469246013
469247478
469246390
469244575
469244076
469247020
469243962

PAPI L2 Misses
1064919
1060450
1040723
1052452
1045494
1065658
1057173
1049944
1064068
1038564

PAPI Vectorial DP
0
0
0
0
0
0
0
0
0
0

