File Read
4.762128e-03

File Write
7.020130e-03

Total Run
1.246000e-05

Total Step
7.802002e-06
5.237001e-06
5.217000e-06
5.151003e-06
4.865000e-06
4.881000e-06
4.883001e-06
4.894999e-06
4.877998e-06
4.865997e-06

First Drift
2.290035e-07
5.000038e-08
4.399772e-08
3.899913e-08
3.799869e-08
3.899913e-08
3.800233e-08
3.700188e-08
3.900277e-08
3.900277e-08

Compute Force
6.151000e-06
4.976999e-06
4.965998e-06
4.908001e-06
4.648999e-06
4.658999e-06
4.663001e-06
4.677000e-06
4.656002e-06
4.653000e-06

Kick
8.899951e-08
5.200127e-08
4.300091e-08
4.300091e-08
3.699824e-08
3.799869e-08
3.800233e-08
3.599780e-08
3.799869e-08
3.399691e-08

Second Drift
8.400093e-08
5.100082e-08
5.000038e-08
3.899913e-08
3.699824e-08
3.799869e-08
3.899913e-08
3.999958e-08
3.599780e-08
3.700188e-08

--- Configuration ---
nsteps: 10
dt: 1.000000e-04
eps: 5.000000e-02
G: 1.000000e+00
mass: 1.000000e+00
energy_every: 10
energy_tol: 1.000000e-03
kernel_choice: rm8
kinetic0: 1.485977e+03
potential0: -2.815053e+03
max_relative_error: 2.157347e-06
PAPI Cycles
0
0
0
0
0
0
0
0
0
0

PAPI Instructions
0
0
0
0
0
0
0
0
0
0

PAPI L1 Misses
0
0
0
0
0
0
0
0
0
0

PAPI L2 Misses
0
0
0
0
0
0
0
0
0
0

PAPI Vectorial DP
0
0
0
0
0
0
0
0
0
0

