File Read
3.160779e-03

File Write
6.486413e-03

Total Run
1.634604e+01

Total Step
2.103265e+01
2.102206e+01
2.101512e+01
2.103114e+01
2.101675e+01
2.102528e+01
2.104162e+01
2.102795e+01
2.102560e+01
2.103128e+01
2.103664e+01
2.103751e+01
2.108386e+01
2.102848e+01
2.103673e+01
2.104651e+01
2.108629e+01
2.108545e+01
2.104898e+01
2.114434e+01
2.102870e+01
2.102743e+01
2.102665e+01
2.103034e+01
2.103450e+01

First Drift
1.561511e-04
1.313407e-04
1.352504e-04
1.387112e-04
1.350706e-04
1.326604e-04
1.475913e-04
1.581814e-04
1.387820e-04
1.496412e-04
1.387512e-04
1.357812e-04
1.415806e-04
1.469823e-04
1.357608e-04
1.458619e-04
1.398707e-04
1.299214e-04
1.406409e-04
1.597721e-04
1.252107e-04
1.293812e-04
1.292210e-04
1.270212e-04
1.288019e-04

Compute Force
2.103218e+01
2.102159e+01
2.101466e+01
2.103067e+01
2.101631e+01
2.102483e+01
2.104115e+01
2.102747e+01
2.102516e+01
2.103079e+01
2.103619e+01
2.103708e+01
2.108342e+01
2.102804e+01
2.103629e+01
2.104605e+01
2.108584e+01
2.108503e+01
2.104853e+01
2.114387e+01
2.102829e+01
2.102702e+01
2.102623e+01
2.102991e+01
2.103409e+01

Kick
1.243204e-04
1.276415e-04
1.273006e-04
1.279907e-04
1.281314e-04
1.419224e-04
1.350809e-04
1.409324e-04
1.332620e-04
1.538005e-04
1.386823e-04
1.258720e-04
1.304811e-04
1.361612e-04
1.371223e-04
1.265313e-04
1.367005e-04
1.284014e-04
1.363615e-04
1.324313e-04
1.236415e-04
1.271805e-04
1.225714e-04
1.248615e-04
1.258114e-04

Second Drift
1.064511e-04
1.291307e-04
1.266412e-04
1.315810e-04
1.196517e-04
1.202011e-04
1.317216e-04
1.220712e-04
1.277113e-04
1.317011e-04
1.332713e-04
1.231208e-04
1.222715e-04
1.044907e-04
1.113210e-04
1.227111e-04
1.241406e-04
1.144409e-04
1.088008e-04
1.254212e-04
1.207525e-04
1.172014e-04
1.141308e-04
1.259213e-04
1.064120e-04

--- Configuration ---
nsteps: 25
dt: 1.000000e-04
eps: 5.000000e-02
G: 1.000000e+00
mass: 1.000000e+00
energy_every: 1
energy_tol: 1.000000e-03
kernel_choice: b
kinetic0: 1.469728e+09
potential0: -2.934067e+09
max_relative_error: 2.264872e-07
PAPI Cycles
90099138995
90041738875
90040974012
90085123026
90040209290
90041433821
90119086645
90064065153
90053687377
90067495498
90107199922
90054723794
90143399054
90052236564
90053349204
90073585343
90106774460
90122213036
90089334626
90153069956
90072009938
90054975550
90060518111
90055901629
90078944177

PAPI Instructions
218145225179
218145223228
218145223222
218145223234
218145223225
218145223237
218145223245
218145223231
218145223230
218145223235
218145223238
218145223243
218145223265
218145223230
218145223242
218145223244
218145223254
218145223251
218145223246
218145223276
218145223233
218145223229
218145223233
218145223241
218145223240

PAPI L1 Misses
98817481
99724211
99767640
98992276
99766106
99762818
98354994
99367438
99513713
99328641
98999824
99559551
98056788
99480112
99481410
99481732
99032703
98762930
99339688
98071425
99235812
99522657
99392022
99457790
99138676

PAPI L2 Misses
970025
972682
970264
970911
971874
985079
989807
983864
995215
992840
1127504
1040524
986348
977519
995905
1123303
1158256
1122294
1171048
1022348
974590
973522
976906
974473
976534

PAPI Vectorial DP
0
0
0
0
0
0
0
0
0
0
0
0
0
0
0
0
0
0
0
0
0
0
0
0
0

