File Read
3.141300e-03

File Write
2.809478e-03

Total Run
1.627963e+01

Total Step
2.974647e+01
2.974558e+01
2.974479e+01
2.974021e+01
2.974140e+01
2.974101e+01
2.974610e+01
2.973566e+01
2.973871e+01
2.973793e+01
2.974251e+01
2.974366e+01
2.974851e+01
2.973489e+01
2.973787e+01
2.973688e+01
2.973860e+01
2.973828e+01
2.974495e+01
2.973665e+01
2.974246e+01
2.974862e+01
2.975035e+01
2.974165e+01
2.973784e+01

First Drift
1.453711e-04
1.397310e-04
1.386115e-04
1.397906e-04
1.382409e-04
1.422921e-04
1.380509e-04
1.385007e-04
1.411419e-04
1.301207e-04
1.370208e-04
1.365002e-04
1.329305e-04
1.379112e-04
1.343703e-04
1.389412e-04
1.320010e-04
1.308518e-04
1.317617e-04
1.307111e-04
1.353109e-04
1.308220e-04
1.301607e-04
1.387512e-04
1.314301e-04

Compute Force
2.974600e+01
2.974514e+01
2.974436e+01
2.973978e+01
2.974099e+01
2.974060e+01
2.974567e+01
2.973525e+01
2.973828e+01
2.973753e+01
2.974206e+01
2.974325e+01
2.974809e+01
2.973446e+01
2.973744e+01
2.973646e+01
2.973817e+01
2.973786e+01
2.974451e+01
2.973622e+01
2.974205e+01
2.974817e+01
2.974994e+01
2.974122e+01
2.973741e+01

Kick
1.370609e-04
1.348220e-04
1.328615e-04
1.387913e-04
1.346413e-04
1.352010e-04
1.343424e-04
1.335610e-04
1.266403e-04
1.247413e-04
1.321128e-04
1.245504e-04
1.260517e-04
1.255507e-04
1.321007e-04
1.254817e-04
1.229709e-04
1.252908e-04
1.258207e-04
1.251111e-04
1.243008e-04
1.360821e-04
1.308024e-04
1.250310e-04
1.241909e-04

Second Drift
9.813160e-05
9.007100e-05
9.229034e-05
9.271037e-05
8.849055e-05
9.565149e-05
8.739065e-05
8.870102e-05
1.109010e-04
1.068208e-04
1.199516e-04
1.111906e-04
1.180712e-04
1.240512e-04
1.253923e-04
1.157708e-04
1.210812e-04
1.093317e-04
1.109913e-04
1.309020e-04
1.127413e-04
1.213411e-04
1.040213e-04
1.187110e-04
1.250617e-04

--- Configuration ---
nsteps: 25
dt: 1.000000e-04
eps: 5.000000e-02
G: 1.000000e+00
mass: 1.000000e+00
energy_every: 1
energy_tol: 1.000000e-03
kernel_choice: br
kinetic0: 1.469728e+09
potential0: -2.934067e+09
max_relative_error: 2.264873e-07
PAPI Cycles
127427910114
127452410202
127452763789
127433802844
127437931915
127437954910
127435243876
127414312819
127427545761
127411081391
127441139236
127447155482
127445171917
127411618105
127420808170
127416939730
127425716011
127424485272
127452778170
127414054731
127439178748
127425118901
127434318681
127434086541
127418449229

PAPI Instructions
338535014768
338535012830
338535012829
338535012822
338535012818
338535012819
338535012827
338535012822
338535012817
338535012821
338535012824
338535012826
338535012827
338535012813
338535012817
338535012727
338535012818
338535012818
338535012826
338535012817
338535012822
338535012829
338535012828
338535012731
338535012820

PAPI L1 Misses
120896389
120582099
120645583
120919275
121039946
121028953
120959675
120901748
120706860
121085920
121039170
120832572
120953629
121017686
120912433
121045653
121019734
120694426
120733044
121001418
121005228
120978198
120960259
120896601
120876223

PAPI L2 Misses
996840
994634
994066
994920
995011
996289
996272
995507
996560
997929
995029
997137
997304
995254
997477
998657
996245
997092
995763
996263
998055
998732
1000559
996654
997292

PAPI Vectorial DP
0
0
0
0
0
0
0
0
0
0
0
0
0
0
0
0
0
0
0
0
0
0
0
0
0

