File Read
3.249671e-03

File Write
3.289232e-03

Total Run
1.628354e+01

Total Step
1.388374e+01
1.388487e+01
1.387856e+01
1.387882e+01
1.387789e+01
1.388520e+01
1.387782e+01
1.387812e+01
1.387877e+01
1.388754e+01
1.388310e+01
1.387983e+01
1.390482e+01
1.389365e+01
1.388224e+01
1.388506e+01
1.388979e+01
1.389643e+01
1.387687e+01
1.388758e+01
1.389890e+01
1.389442e+01
1.388757e+01
1.389157e+01
1.389063e+01

First Drift
1.288010e-04
1.308108e-04
1.297416e-04
1.356509e-04
1.305323e-04
1.308713e-04
1.302110e-04
1.289910e-04
1.403913e-04
1.406809e-04
1.334520e-04
1.315614e-04
1.419010e-04
1.462819e-04
1.351312e-04
1.367806e-04
1.364416e-04
1.413422e-04
1.404313e-04
1.409808e-04
1.396807e-04
1.415126e-04
1.419215e-04
1.375405e-04
1.378413e-04

Compute Force
1.388327e+01
1.388441e+01
1.387812e+01
1.387836e+01
1.387747e+01
1.388476e+01
1.387738e+01
1.387769e+01
1.387833e+01
1.388710e+01
1.388265e+01
1.387940e+01
1.390437e+01
1.389320e+01
1.388180e+01
1.388461e+01
1.388935e+01
1.389597e+01
1.387642e+01
1.388714e+01
1.389846e+01
1.389400e+01
1.388714e+01
1.389113e+01
1.389018e+01

Kick
1.255004e-04
1.351023e-04
1.313305e-04
1.264308e-04
1.257621e-04
1.289025e-04
1.379922e-04
1.315409e-04
1.287917e-04
1.424821e-04
1.308806e-04
1.342213e-04
1.322413e-04
1.344811e-04
1.376616e-04
1.339521e-04
1.397608e-04
1.359815e-04
1.376318e-04
1.363717e-04
1.343824e-04
1.334911e-04
1.331214e-04
1.328215e-04
1.421524e-04

Second Drift
1.336019e-04
1.212712e-04
1.294129e-04
1.250515e-04
1.229513e-04
1.226012e-04
1.197010e-04
1.286520e-04
1.284024e-04
1.239711e-04
1.244713e-04
1.221607e-04
1.241211e-04
1.261914e-04
1.236610e-04
1.265211e-04
1.186421e-04
1.301914e-04
1.254007e-04
1.230408e-04
1.226710e-04
1.142416e-04
1.170719e-04
1.227511e-04
1.194011e-04

--- Configuration ---
nsteps: 25
dt: 1.000000e-04
eps: 5.000000e-02
G: 1.000000e+00
mass: 1.000000e+00
energy_every: 1
energy_tol: 1.000000e-03
kernel_choice: bt
kinetic0: 1.469728e+09
potential0: -2.934067e+09
max_relative_error: 2.264872e-07
PAPI Cycles
59475949733
59481991125
59456664952
59456058307
59454743421
59484596329
59454293972
59454405468
59455329933
59495440717
59457808653
59455207003
59573049360
59522700685
59475386701
59485941244
59509603908
59537121590
59453282985
59499350090
59548491117
59520215070
59485178400
59490115909
59494920325

PAPI Instructions
131707060668
131707058732
131707058719
131707058725
131707058723
131707058728
131707058722
131707058722
131707058720
131707058732
131707058726
131707058723
131707058751
131707058737
131707058724
131707058732
131707058731
131707058743
131707058720
131707058734
131707058741
131707058739
131707058731
131707058738
131707058731

PAPI L1 Misses
178228058
178293218
178286566
178263529
178251247
178253719
178257850
178266145
178286456
178321392
178282813
178293727
178166599
178157067
178263131
178331680
178279147
178147966
178265667
178236404
178172298
178247115
178287192
178276493
178269778

PAPI L2 Misses
1127496
1110146
1114848
1114033
1115836
1118809
1106621
1106176
1103706
1114372
1112413
1105303
1113310
1102113
1106363
1100571
1102562
1101573
1091460
1096562
1103188
1098324
1088346
1090941
1086037

PAPI Vectorial DP
0
0
0
0
0
0
0
0
0
0
0
0
0
0
0
0
0
0
0
0
0
0
0
0
0

