File Read
2.729766e-03

File Write
1.041327e-02

Total Run
1.631237e+01

Total Step
1.778640e+01
1.778485e+01
1.778068e+01
1.778595e+01
1.777972e+01
1.778451e+01
1.777977e+01
1.778289e+01
1.778343e+01
1.777995e+01
1.777792e+01
1.777849e+01
1.777927e+01
1.777859e+01
1.777642e+01
1.777962e+01
1.777857e+01
1.778003e+01
1.778093e+01
1.778271e+01
1.778505e+01
1.778353e+01
1.779406e+01
1.779242e+01
1.778666e+01

First Drift
1.852419e-04
1.816312e-04
1.820922e-04
1.827013e-04
1.826314e-04
1.797723e-04
1.864517e-04
1.855018e-04
1.849327e-04
1.875423e-04
1.822328e-04
1.813006e-04
1.825914e-04
1.796223e-04
1.809513e-04
1.809523e-04
1.821825e-04
1.820121e-04
1.817821e-04
1.835506e-04
1.711613e-04
1.758719e-04
1.743315e-04
1.820521e-04
1.746314e-04

Compute Force
1.778586e+01
1.778434e+01
1.778017e+01
1.778543e+01
1.777921e+01
1.778402e+01
1.777927e+01
1.778240e+01
1.778294e+01
1.777947e+01
1.777739e+01
1.777799e+01
1.777879e+01
1.777810e+01
1.777592e+01
1.777912e+01
1.777809e+01
1.777951e+01
1.778042e+01
1.778220e+01
1.778453e+01
1.778304e+01
1.779356e+01
1.779192e+01
1.778617e+01

Kick
1.324620e-04
1.338022e-04
1.397524e-04
1.405505e-04
1.343321e-04
1.320718e-04
1.323214e-04
1.326017e-04
1.333021e-04
1.341905e-04
1.343424e-04
1.335703e-04
1.357310e-04
1.338320e-04
1.335302e-04
1.402106e-04
1.319014e-04
1.248708e-04
1.211613e-04
1.244023e-04
1.305211e-04
1.196507e-04
1.244517e-04
1.247814e-04
1.209611e-04

Second Drift
1.323102e-04
1.318604e-04
1.328913e-04
1.320206e-04
1.323307e-04
1.314515e-04
1.320709e-04
1.322916e-04
1.320308e-04
1.317915e-04
1.338609e-04
1.368616e-04
1.317617e-04
1.324210e-04
1.324415e-04
1.325421e-04
1.365114e-04
1.571411e-04
1.515914e-04
1.536123e-04
1.576906e-04
1.501208e-04
1.557218e-04
1.582513e-04
1.431415e-04

--- Configuration ---
nsteps: 25
dt: 1.000000e-04
eps: 5.000000e-02
G: 1.000000e+00
mass: 1.000000e+00
energy_every: 1
energy_tol: 1.000000e-03
kernel_choice: n
kinetic0: 1.469728e+09
potential0: -2.934067e+09
max_relative_error: 2.264872e-07
PAPI Cycles
76089287654
76088056303
76086536682
76087267565
76086858272
76087919388
76087432147
76087481596
76086816595
76086997698
76087270396
76087498851
76087858732
76087577202
76087497152
76087852630
76086626401
76087483918
76087723753
76088554054
76088651253
76088542918
76089416675
76089528095
76088822943

PAPI Instructions
170000769543
170000768320
170000768315
170000768318
170000768310
170000768315
170000768311
170000768317
170000768314
170000768314
170000768305
170000768313
170000768311
170000768311
170000768306
170000768308
170000768310
170000768311
170000768315
170000768315
170000768320
170000768320
170000768326
170000768326
170000768315

PAPI L1 Misses
1961563586
1961560656
1961561137
1961556180
1961558878
1961565427
1961550556
1961549644
1961568048
1961543929
1961548974
1961549284
1961556381
1961563228
1961552335
1961552407
1961559456
1961555479
1961544348
1961557570
1961555602
1961553217
1961552914
1961557818
1961557856

PAPI L2 Misses
4550249
4554335
4562673
4577897
4567794
4555325
4564057
4564564
4562957
4563070
4575305
4577493
4578001
4562202
4578385
4566376
4569806
4560712
4549118
4550683
4552519
4564189
4517962
4556904
4559116

PAPI Vectorial DP
0
0
0
0
0
0
0
0
0
0
0
0
0
0
0
0
0
0
0
0
0
0
0
0
0

