File Read
5.938555e-02

File Write
5.369922e-03

Total Run
1.628478e+01

Total Step
2.434937e+01
2.436848e+01
2.435954e+01
2.436288e+01
2.436653e+01
2.437505e+01
2.436655e+01
2.436052e+01
2.435002e+01
2.434080e+01
2.434969e+01
2.434421e+01
2.433720e+01
2.434711e+01
2.434205e+01
2.434114e+01
2.434217e+01
2.433923e+01
2.434205e+01
2.434221e+01
2.434702e+01
2.433716e+01
2.434435e+01
2.434055e+01
2.433816e+01

First Drift
1.296708e-04
1.398511e-04
1.468314e-04
1.374008e-04
1.381217e-04
1.450209e-04
1.396006e-04
1.397608e-04
1.537921e-04
1.386022e-04
1.387410e-04
1.434926e-04
1.389403e-04
1.398809e-04
1.406306e-04
1.374306e-04
1.374315e-04
1.383713e-04
1.379410e-04
1.371522e-04
1.367517e-04
1.384811e-04
1.357915e-04
1.378004e-04
1.370013e-04

Compute Force
2.434894e+01
2.436804e+01
2.435910e+01
2.436246e+01
2.436610e+01
2.437464e+01
2.436611e+01
2.436011e+01
2.434959e+01
2.434040e+01
2.434928e+01
2.434377e+01
2.433678e+01
2.434671e+01
2.434162e+01
2.434075e+01
2.434177e+01
2.433883e+01
2.434163e+01
2.434179e+01
2.434660e+01
2.433676e+01
2.434396e+01
2.434015e+01
2.433777e+01

Kick
1.257006e-04
1.250710e-04
1.286911e-04
1.342921e-04
1.419112e-04
1.279023e-04
1.352811e-04
1.308508e-04
1.307512e-04
1.401519e-04
1.375610e-04
1.422204e-04
1.375824e-04
1.369817e-04
1.423908e-04
1.392011e-04
1.381608e-04
1.388108e-04
1.421906e-04
1.367610e-04
1.433808e-04
1.353007e-04
1.373217e-04
1.383210e-04
1.379019e-04

Second Drift
9.494089e-05
1.005810e-04
9.315088e-05
9.319000e-05
9.667128e-05
9.145029e-05
9.959098e-05
9.207055e-05
8.943118e-05
8.614082e-05
8.801091e-05
8.964073e-05
8.917041e-05
8.702092e-05
8.795131e-05
8.715037e-05
8.652173e-05
8.521136e-05
8.849148e-05
8.570123e-05
8.649100e-05
8.613151e-05
8.468982e-05
8.427072e-05
8.638948e-05

--- Configuration ---
nsteps: 25
dt: 1.000000e-04
eps: 5.000000e-02
G: 1.000000e+00
mass: 1.000000e+00
energy_every: 1
energy_tol: 1.000000e-03
kernel_choice: r
kinetic0: 1.469728e+09
potential0: -2.934067e+09
max_relative_error: 2.264873e-07
PAPI Cycles
104156823069
104157621156
104159402759
104156331265
104157002843
104156168719
104155593210
104154250432
104158055379
104159350118
104160658267
104155961281
104156007549
104156307921
104155432497
104159310370
104155940827
104153966574
104157568623
104155265765
104156584179
104155009307
104155859446
104159909631
104159450263

PAPI Instructions
290000776131
290000774932
290000774926
290000774929
290000774925
290000774938
290000774929
290000774923
290000774914
290000774899
290000774912
290000774906
290000774895
290000774917
290000774909
290000774898
290000774910
290000774905
290000774900
290000774907
290000774908
290000774895
290000774911
290000774902
290000774902

PAPI L1 Misses
1878345518
1878366095
1878354192
1878355403
1878365360
1878368534
1878355792
1878359471
1878350914
1878344247
1878347640
1878344698
1878338932
1878346672
1878344462
1878350187
1878343553
1878340545
1878340755
1878342387
1878346941
1878341253
1878341253
1878336889
1878340131

PAPI L2 Misses
4925713
4885550
4888247
4886802
4859390
4874876
4898840
4903285
4916585
4923214
4902857
4897606
4906391
4890659
4909276
4914460
4934093
4905806
4907078
4897258
4878572
4913202
4880318
4899534
4904711

PAPI Vectorial DP
0
0
0
0
0
0
0
0
0
0
0
0
0
0
0
0
0
0
0
0
0
0
0
0
0

