File Read
3.995199e-03

File Write
5.820055e-03

Total Run
1.628441e+01

Total Step
1.734512e+01
1.734355e+01
1.734430e+01
1.734387e+01
1.734253e+01
1.734352e+01
1.734361e+01
1.735438e+01
1.735552e+01
1.736258e+01
1.735879e+01
1.736259e+01
1.736316e+01
1.735954e+01
1.735759e+01
1.736150e+01
1.735923e+01
1.736256e+01
1.736182e+01
1.735419e+01
1.735907e+01
1.736135e+01
1.735644e+01
1.735330e+01
1.735907e+01

First Drift
1.280010e-04
1.285113e-04
1.261011e-04
1.283707e-04
1.296727e-04
1.265109e-04
1.310809e-04
1.311712e-04
1.339512e-04
1.351302e-04
1.315009e-04
1.319125e-04
1.321817e-04
1.355810e-04
1.301207e-04
1.327908e-04
1.283912e-04
1.306608e-04
1.283521e-04
1.319321e-04
1.321118e-04
1.299614e-04
1.269309e-04
1.343116e-04
1.294324e-04

Compute Force
1.734465e+01
1.734309e+01
1.734387e+01
1.734342e+01
1.734209e+01
1.734308e+01
1.734318e+01
1.735396e+01
1.735509e+01
1.736212e+01
1.735834e+01
1.736215e+01
1.736274e+01
1.735909e+01
1.735717e+01
1.736107e+01
1.735877e+01
1.736213e+01
1.736138e+01
1.735375e+01
1.735864e+01
1.736093e+01
1.735601e+01
1.735286e+01
1.735865e+01

Kick
1.402320e-04
1.237122e-04
1.213811e-04
1.222305e-04
1.234505e-04
1.260322e-04
1.261514e-04
1.260405e-04
1.244210e-04
1.248010e-04
1.260024e-04
1.240410e-04
1.237718e-04
1.273807e-04
1.240810e-04
1.254613e-04
1.265025e-04
1.277206e-04
1.241108e-04
1.262119e-04
1.259409e-04
1.240009e-04
1.246408e-04
1.281910e-04
1.236023e-04

Second Drift
1.214007e-04
1.272215e-04
1.216410e-04
1.281612e-04
1.253607e-04
1.286408e-04
1.209406e-04
1.304206e-04
1.310213e-04
1.323018e-04
1.339410e-04
1.366707e-04
1.350306e-04
1.328206e-04
1.261719e-04
1.295125e-04
1.374809e-04
1.231916e-04
1.273407e-04
1.275111e-04
1.314720e-04
1.264717e-04
1.297910e-04
1.216009e-04
1.253411e-04

--- Configuration ---
nsteps: 25
dt: 1.000000e-04
eps: 5.000000e-02
G: 1.000000e+00
mass: 1.000000e+00
energy_every: 1
energy_tol: 1.000000e-03
kernel_choice: rt
kinetic0: 1.469728e+09
potential0: -2.934067e+09
max_relative_error: 2.264873e-07
PAPI Cycles
74250321735
74251188141
74250995650
74251679873
74250320112
74250865576
74250674724
74252821241
74252427849
74252426319
74253536616
74253052929
74252747072
74253213520
74253897027
74252470304
74252388216
74253207547
74253118297
74251931984
74252089706
74253861453
74251749163
74252358771
74252312777

PAPI Instructions
190005485451
190005483504
190005483501
190005483504
190005483503
190005483504
190005483503
190005483516
190005483513
190005483529
190005483522
190005483519
190005483523
190005483515
190005483517
190005483522
190005483522
190005483520
190005483521
190005483509
190005483514
190005483522
190005483513
190005483509
190005483528

PAPI L1 Misses
3761397928
3761415212
3761398345
3761368891
3761406633
3761389227
3761405688
3761406319
3761392512
3761390210
3761402530
3761388217
3761380148
3761400635
3761403175
3761394015
3761409986
3761419674
3761388123
3761390347
3761377282
3761380675
3761395660
3761381872
3761391422

PAPI L2 Misses
107302393
107318716
107337475
107347897
107376525
107364099
107377761
107503951
107512230
107530547
107541749
107533374
107523283
107506649
107513222
107510037
107500335
107535800
107511537
107507703
107483990
107526709
107518542
107482469
107514382

PAPI Vectorial DP
0
0
0
0
0
0
0
0
0
0
0
0
0
0
0
0
0
0
0
0
0
0
0
0
0

