File Read
2.752297e-03

File Write
5.323710e-01

Total Run
1.627876e+01

Total Step
1.779127e+01
1.778267e+01
1.778378e+01
1.778576e+01
1.778759e+01
1.779209e+01
1.779060e+01
1.778978e+01
1.779728e+01
1.779136e+01
1.777982e+01
1.778723e+01
1.777853e+01
1.778081e+01
1.777856e+01
1.778088e+01
1.777887e+01
1.777896e+01
1.777679e+01
1.777868e+01
1.778106e+01
1.778296e+01
1.778953e+01
1.778884e+01
1.778270e+01

First Drift
1.392327e-04
1.367712e-04
1.385109e-04
1.393910e-04
1.475122e-04
1.378525e-04
1.383116e-04
1.368802e-04
1.396621e-04
1.379829e-04
1.416914e-04
1.406521e-04
1.389021e-04
1.414726e-04
1.381617e-04
1.390809e-04
1.384607e-04
1.381906e-04
1.379820e-04
1.393110e-04
1.376811e-04
1.373617e-04
1.334911e-04
1.385314e-04
1.367815e-04

Compute Force
1.779091e+01
1.778231e+01
1.778342e+01
1.778539e+01
1.778722e+01
1.779172e+01
1.779024e+01
1.778942e+01
1.779691e+01
1.779100e+01
1.777945e+01
1.778687e+01
1.777817e+01
1.778044e+01
1.777820e+01
1.778051e+01
1.777852e+01
1.777860e+01
1.777643e+01
1.777832e+01
1.778070e+01
1.778259e+01
1.778917e+01
1.778847e+01
1.778234e+01

Kick
1.354516e-04
1.380919e-04
1.371419e-04
1.437310e-04
1.368811e-04
1.416616e-04
1.364211e-04
1.376709e-04
1.384113e-04
1.349915e-04
1.377212e-04
1.366409e-04
1.365021e-04
1.381012e-04
1.370516e-04
1.423424e-04
1.351917e-04
1.368523e-04
1.354711e-04
1.383405e-04
1.366111e-04
1.421114e-04
1.379615e-04
1.389720e-04
1.374809e-04

Second Drift
8.459017e-05
8.446071e-05
8.427072e-05
8.503068e-05
8.611102e-05
8.501112e-05
8.488074e-05
8.502975e-05
8.609146e-05
8.488167e-05
8.456130e-05
8.456130e-05
8.504000e-05
8.562114e-05
8.445140e-05
8.597970e-05
8.456968e-05
8.956064e-05
8.891057e-05
8.439180e-05
8.542091e-05
8.540135e-05
8.477084e-05
8.422974e-05
8.440018e-05

Energy History
-1464338979.3535864
-1464338979.9434648
-1464339025.3235853
-1464338917.7540281
-1464338850.9820282
-1464338938.8838959
-1464338969.4685431
-1464338910.4933348
-1464338857.3781128
-1464338898.4000845
-1464338914.326982
-1464338803.77474
-1464338750.1564112
-1464338729.9873691
-1464338780.9704401
-1464338783.1608131
-1464338803.7323904
-1464338712.3705685
-1464338665.4702351
-1464338633.325906
-1464338665.7078936
-1464338674.6582844
-1464338691.9445786
-1464338724.2299156
-1464338630.5084395

--- Configuration ---
nsteps: 25
dt: 1.000000e-04
eps: 5.000000e-02
G: 1.000000e+00
mass: 1.000000e+00
energy_every: 1
energy_tol: 1.000000e-03
kernel_choice: n
kinetic0: 1.469728e+09
potential0: -2.934067e+09
max_relative_error: 2.264872e-07
