File Read
3.080900e-03

File Write
8.527231e-03

Total Run
1.627866e+01

Total Step
2.573652e+01
2.573074e+01
2.573036e+01
2.574802e+01
2.574587e+01
2.574359e+01
2.574675e+01
2.575557e+01
2.575507e+01
2.574893e+01
2.574305e+01
2.574527e+01
2.574146e+01
2.574101e+01
2.574145e+01
2.572830e+01
2.573651e+01
2.572512e+01
2.573297e+01
2.572460e+01
2.572868e+01
2.572815e+01
2.572797e+01
2.572961e+01
2.572826e+01

First Drift
1.301020e-04
1.387913e-04
1.311507e-04
1.333710e-04
1.442507e-04
1.329919e-04
1.441119e-04
1.488812e-04
1.469003e-04
1.701917e-04
1.455611e-04
1.369119e-04
1.662122e-04
1.484714e-04
1.328308e-04
1.484612e-04
1.424104e-04
1.289118e-04
1.336820e-04
1.317207e-04
1.277514e-04
1.357608e-04
1.281919e-04
1.352411e-04
1.308126e-04

Compute Force
2.573607e+01
2.573028e+01
2.572988e+01
2.574756e+01
2.574542e+01
2.574316e+01
2.574629e+01
2.575510e+01
2.575463e+01
2.574849e+01
2.574260e+01
2.574482e+01
2.574101e+01
2.574056e+01
2.574098e+01
2.572785e+01
2.573608e+01
2.572472e+01
2.573256e+01
2.572419e+01
2.572828e+01
2.572775e+01
2.572755e+01
2.572920e+01
2.572784e+01

Kick
1.463927e-04
1.320122e-04
1.537111e-04
1.538713e-04
1.474610e-04
1.301207e-04
1.374204e-04
1.417017e-04
1.451112e-04
1.308303e-04
1.518121e-04
1.525609e-04
1.319703e-04
1.450805e-04
1.604622e-04
1.458023e-04
1.262613e-04
1.281612e-04
1.319814e-04
1.291707e-04
1.262417e-04
1.284312e-04
1.292909e-04
1.263209e-04
1.283614e-04

Second Drift
1.001609e-04
1.125010e-04
1.263712e-04
1.183022e-04
1.135003e-04
1.031207e-04
1.288811e-04
1.120307e-04
9.596162e-05
1.018411e-04
1.063310e-04
1.152726e-04
1.081219e-04
1.063813e-04
1.250505e-04
9.483099e-05
9.635091e-05
9.782054e-05
9.648036e-05
9.336136e-05
9.882171e-05
9.872112e-05
1.066318e-04
9.915046e-05
9.747036e-05

--- Configuration ---
nsteps: 25
dt: 1.000000e-04
eps: 5.000000e-02
G: 1.000000e+00
mass: 1.000000e+00
energy_every: 1
energy_tol: 1.000000e-03
kernel_choice: m16
kinetic0: 1.469728e+09
potential0: -2.934067e+09
max_relative_error: 2.264872e-07
PAPI Cycles
110163305251
110157642897
110155910277
110157148778
110158179383
110156760466
110156116221
110161454621
110160138086
110155306626
110150882375
110153267976
110153821561
110152292853
110153125022
110152171255
110157266238
110149781776
110156105881
110150279244
110155500627
110153199093
110153629711
110156078905
110153245395

PAPI Instructions
266578927528
266578926301
266578926297
266578926316
266578926318
266578926310
266578926313
266578926327
266578926324
266578926316
266578926312
266578926313
266578926310
266578926310
266578926316
266578926298
266578926310
266578926298
266578926302
266578926295
266578926305
266578926295
266578926296
266578926298
266578926297

PAPI L1 Misses
3770107714
3770094527
3770080801
3770062992
3770070294
3770080701
3770064941
3770091232
3770083028
3770063501
3770055950
3770069639
3770063070
3770067056
3770069313
3770092255
3770110045
3770084107
3770099924
3770091063
3770096896
3770086415
3770085335
3770099307
3770096598

PAPI L2 Misses
12609822
12613983
12615185
12757993
12729787
12765116
12965567
13379684
12751532
12748477
12726877
12972226
13357161
13323268
13261151
12711452
12611863
12603398
12603276
12608185
12622586
12629764
12595594
12628041
12613764

PAPI Vectorial DP
0
0
0
0
0
0
0
0
0
0
0
0
0
0
0
0
0
0
0
0
0
0
0
0
0

