File Read
6.464478e-02

File Write
1.153271e-02

Total Run
1.629279e+01

Total Step
2.529844e+01
2.526703e+01
2.529887e+01
2.529255e+01
2.530476e+01
2.529162e+01
2.525914e+01
2.529040e+01
2.526768e+01
2.527036e+01
2.528156e+01
2.529846e+01
2.527491e+01
2.527975e+01
2.527517e+01
2.525863e+01
2.527276e+01
2.526337e+01
2.527751e+01
2.526927e+01
2.527440e+01
2.527022e+01
2.525606e+01
2.527149e+01
2.526623e+01

First Drift
1.320010e-04
1.285411e-04
1.310306e-04
1.291716e-04
1.456607e-04
1.343815e-04
1.273807e-04
1.339121e-04
1.333514e-04
1.391117e-04
1.377519e-04
1.435326e-04
1.372024e-04
1.422521e-04
1.367712e-04
1.365319e-04
1.421813e-04
1.452407e-04
1.399806e-04
1.499411e-04
1.373608e-04
1.380313e-04
1.379615e-04
1.379820e-04
1.395922e-04

Compute Force
2.529797e+01
2.526657e+01
2.529840e+01
2.529214e+01
2.530430e+01
2.529119e+01
2.525874e+01
2.528999e+01
2.526727e+01
2.526994e+01
2.528114e+01
2.529805e+01
2.527449e+01
2.527933e+01
2.527475e+01
2.525819e+01
2.527234e+01
2.526294e+01
2.527709e+01
2.526884e+01
2.527396e+01
2.526981e+01
2.525564e+01
2.527109e+01
2.526582e+01

Kick
1.329016e-04
1.394115e-04
1.342520e-04
1.317710e-04
1.344113e-04
1.288103e-04
1.248512e-04
1.313621e-04
1.290012e-04
1.298422e-04
1.280010e-04
1.295619e-04
1.394721e-04
1.349319e-04
1.314515e-04
1.354106e-04
1.347214e-04
1.372509e-04
1.436612e-04
1.431815e-04
1.399023e-04
1.400318e-04
1.364015e-04
1.396323e-04
1.358008e-04

Second Drift
1.243008e-04
1.084218e-04
1.268713e-04
9.660143e-05
1.133010e-04
1.063701e-04
1.097210e-04
1.061410e-04
1.094909e-04
9.705033e-05
1.093717e-04
9.693112e-05
9.393133e-05
1.028413e-04
1.062108e-04
1.043407e-04
9.409152e-05
9.062048e-05
8.999091e-05
9.933952e-05
9.278022e-05
8.961093e-05
9.687059e-05
8.877087e-05
9.594020e-05

--- Configuration ---
nsteps: 25
dt: 1.000000e-04
eps: 5.000000e-02
G: 1.000000e+00
mass: 1.000000e+00
energy_every: 1
energy_tol: 1.000000e-03
kernel_choice: m4
kinetic0: 1.469728e+09
potential0: -2.934067e+09
max_relative_error: 2.264872e-07
PAPI Cycles
108193994270
108110668686
108204116318
108129070308
108232510593
108204649290
108095762786
108226681343
108128325492
108125011096
108172342319
108247783686
108145704474
108180952030
108203864227
108144670910
108198777137
108164328259
108218688283
108168352687
108208732826
108191737708
108137513396
108203427268
108174951708

PAPI Instructions
231257427087
231257425838
231257425874
231257425862
231257425875
231257425861
231257425827
231257425859
231257425837
231257425842
231257425856
231257425868
231257425844
231257425847
231257425851
231257425829
231257425844
231257425830
231257425849
231257425836
231257425846
231257425840
231257425825
231257425749
231257425836

PAPI L1 Misses
3754538506
3754547012
3754531203
3754564475
3754511997
3754527941
3754552868
3754516357
3754551071
3754547914
3754538103
3754521976
3754540933
3754532655
3754529703
3754543030
3754523020
3754528068
3754517800
3754541886
3754506276
3754537015
3754550589
3754534271
3754531787

PAPI L2 Misses
7720391
7733556
7741103
7776742
7790341
7804817
7801377
7818333
7786299
7764508
7803567
7845754
7762159
7743222
7814998
7790640
7773560
7823090
7793812
7811452
7791401
7753217
7819908
7778981
7788133

PAPI Vectorial DP
0
0
0
0
0
0
0
0
0
0
0
0
0
0
0
0
0
0
0
0
0
0
0
0
0

