File Read
3.986101e-02

File Write
2.965569e-03

Total Run
1.628579e+01

Total Step
2.569485e+01
2.569229e+01
2.569157e+01
2.568785e+01
2.568892e+01
2.569060e+01
2.568847e+01
2.568624e+01
2.568789e+01
2.568698e+01
2.569420e+01
2.569249e+01
2.568742e+01
2.569559e+01
2.569979e+01
2.569149e+01
2.569350e+01
2.569310e+01
2.569326e+01
2.569155e+01
2.569369e+01
2.569471e+01
2.569174e+01
2.568845e+01
2.568937e+01

First Drift
1.366520e-04
1.395112e-04
1.366716e-04
1.422511e-04
1.377715e-04
1.351209e-04
1.452221e-04
1.396518e-04
1.406707e-04
1.377910e-04
1.397002e-04
1.389412e-04
1.372714e-04
1.379820e-04
1.339018e-04
1.330609e-04
1.407806e-04
1.380816e-04
1.333421e-04
1.339111e-04
1.313509e-04
1.312224e-04
1.295712e-04
1.324406e-04
1.323707e-04

Compute Force
2.569441e+01
2.569184e+01
2.569113e+01
2.568743e+01
2.568853e+01
2.569019e+01
2.568806e+01
2.568582e+01
2.568748e+01
2.568659e+01
2.569380e+01
2.569209e+01
2.568700e+01
2.569518e+01
2.569937e+01
2.569104e+01
2.569307e+01
2.569269e+01
2.569283e+01
2.569113e+01
2.569327e+01
2.569430e+01
2.569133e+01
2.568803e+01
2.568895e+01

Kick
1.407918e-04
1.360513e-04
1.420015e-04
1.369212e-04
1.368010e-04
1.340806e-04
1.334511e-04
1.370208e-04
1.344914e-04
1.339717e-04
1.367209e-04
1.352308e-04
1.323009e-04
1.284108e-04
1.311805e-04
1.373421e-04
1.331614e-04
1.280205e-04
1.290608e-04
1.324713e-04
1.389906e-04
1.328513e-04
1.287516e-04
1.316415e-04
1.304820e-04

Second Drift
9.348150e-05
9.142049e-05
8.796062e-05
8.807983e-05
8.769985e-05
8.693989e-05
8.871034e-05
8.838158e-05
8.923095e-05
8.665025e-05
8.653104e-05
8.723047e-05
1.065005e-04
1.051705e-04
1.045810e-04
1.053410e-04
1.066411e-04
1.095915e-04
1.123920e-04
1.109801e-04
1.127524e-04
1.104809e-04
1.009805e-04
1.046211e-04
1.042215e-04

--- Configuration ---
nsteps: 25
dt: 1.000000e-04
eps: 5.000000e-02
G: 1.000000e+00
mass: 1.000000e+00
energy_every: 1
energy_tol: 1.000000e-03
kernel_choice: m8
kinetic0: 1.469728e+09
potential0: -2.934067e+09
max_relative_error: 2.264872e-07
PAPI Cycles
109981014155
109979939365
109978524215
109975238410
109979804875
109979073653
109984195314
109973341131
109973111021
109977414424
109977878177
109981455566
109975577884
109977797463
109986512175
109970792868
109985444141
109983810054
109978825986
109979224558
109983877653
109981947732
109980988792
109979973103
109971518324

PAPI Instructions
261260527489
261260526262
261260526261
261260526255
261260526267
261260526258
261260526254
261260526260
261260526259
261260526258
261260526266
261260526263
261260526257
261260526267
261260526273
261260526262
261260526266
261260526264
261260526266
261260526259
261260526266
261260526265
261260526260
261260526262
261260526264

PAPI L1 Misses
3756523592
3756513778
3756527286
3756512220
3756518233
3756518743
3756512190
3756510535
3756507445
3756512789
3756514175
3756510909
3756518216
3756529981
3756516172
3756537502
3756523372
3756527716
3756524955
3756523932
3756527817
3756529926
3756517361
3756505887
3756502894

PAPI L2 Misses
7962962
7951369
7977241
7935412
7977377
7954025
7974429
7947003
7939486
7935981
7949276
7955828
7946821
7953566
7951393
7958125
7951551
7957093
7974253
7963532
7971210
7960256
7967988
7929688
7923782

PAPI Vectorial DP
0
0
0
0
0
0
0
0
0
0
0
0
0
0
0
0
0
0
0
0
0
0
0
0
0

