File Read
3.071470e-03

File Write
3.127011e-03

Total Run
1.629385e+01

Total Step
3.257197e+01
3.257264e+01
3.257320e+01
3.257252e+01
3.257172e+01
3.257179e+01
3.257188e+01
3.257244e+01
3.257233e+01
3.258309e+01
3.257102e+01
3.257427e+01
3.257389e+01
3.256398e+01
3.256434e+01
3.256640e+01
3.256426e+01
3.256449e+01
3.256650e+01
3.256838e+01
3.256362e+01
3.256272e+01
3.256340e+01
3.256325e+01
3.256188e+01

First Drift
1.659105e-04
1.592003e-04
1.566019e-04
1.555709e-04
1.538321e-04
1.572827e-04
1.550913e-04
1.596725e-04
1.557311e-04
1.575919e-04
1.546508e-04
1.599016e-04
1.604827e-04
1.540827e-04
1.596818e-04
1.555113e-04
1.618220e-04
1.589023e-04
1.646616e-04
1.604818e-04
1.650918e-04
1.691114e-04
1.665018e-04
1.680423e-04
1.687817e-04

Compute Force
3.257144e+01
3.257211e+01
3.257267e+01
3.257201e+01
3.257122e+01
3.257130e+01
3.257140e+01
3.257195e+01
3.257185e+01
3.258260e+01
3.257052e+01
3.257377e+01
3.257341e+01
3.256348e+01
3.256386e+01
3.256592e+01
3.256378e+01
3.256399e+01
3.256600e+01
3.256789e+01
3.256314e+01
3.256223e+01
3.256294e+01
3.256277e+01
3.256141e+01

Kick
1.317607e-04
1.313416e-04
1.329910e-04
1.267307e-04
1.321221e-04
1.270920e-04
1.319721e-04
1.345510e-04
1.299316e-04
1.352523e-04
1.282524e-04
1.295516e-04
1.294017e-04
1.364816e-04
1.300909e-04
1.287917e-04
1.299018e-04
1.280811e-04
1.272913e-04
1.308508e-04
1.280010e-04
1.380909e-04
1.365021e-04
1.419717e-04
1.427503e-04

Second Drift
1.521017e-04
1.453618e-04
1.548119e-04
1.564315e-04
1.517814e-04
1.382008e-04
1.389710e-04
1.573814e-04
1.482721e-04
1.574308e-04
1.510214e-04
1.466209e-04
1.495006e-04
1.530917e-04
1.446307e-04
1.463722e-04
1.539318e-04
1.403913e-04
1.495611e-04
1.459513e-04
1.464225e-04
1.381319e-04
1.185415e-04
1.241108e-04
1.274412e-04

--- Configuration ---
nsteps: 25
dt: 1.000000e-04
eps: 5.000000e-02
G: 1.000000e+00
mass: 1.000000e+00
energy_every: 1
energy_tol: 1.000000e-03
kernel_choice: rm2
kinetic0: 1.469728e+09
potential0: -2.934067e+09
max_relative_error: 2.264873e-07
PAPI Cycles
139433072436
139429994290
139429748728
139430143956
139427458609
139430167567
139431214168
139428566219
139432229241
139432652463
139429170213
139432272271
139430252034
139427170595
139427800143
139426882135
139426170361
139429660714
139428253810
139429215990
139427041796
139427724859
139427687047
139426681342
139429095627

PAPI Instructions
352505834373
352505833165
352505833151
352505833156
352505833151
352505833153
352505833153
352505833150
352505833154
352505833162
352505833152
352505833151
352505833152
352505833143
352505833143
352505833143
352505833143
352505833144
352505833146
352505833150
352505833139
352505833141
352505833140
352505833141
352505833140

PAPI L1 Misses
3832315861
3832285183
3832300744
3832292105
3832298780
3832284601
3832301056
3832289679
3832286399
3832313104
3832292407
3832302585
3832291956
3832290358
3832287415
3832284252
3832292377
3832308618
3832305735
3832312621
3832300209
3832292721
3832301523
3832289456
3832293720

PAPI L2 Misses
9333977
9329609
9379573
9333498
9356190
9303291
9352924
9314849
9377001
9263312
9366750
9342991
9287868
9375521
9328301
9313309
9335787
9372177
9338076
9360974
9337825
9338767
9389005
9367731
9338741

PAPI Vectorial DP
0
0
0
0
0
0
0
0
0
0
0
0
0
0
0
0
0
0
0
0
0
0
0
0
0

