File Read
3.215012e-03

File Write
3.078660e-03

Total Run
1.628464e+01

Total Step
3.305854e+01
3.305571e+01
3.305661e+01
3.306159e+01
3.305305e+01
3.306259e+01
3.305254e+01
3.305460e+01
3.306401e+01
3.305548e+01
3.305079e+01
3.306016e+01
3.305343e+01
3.305159e+01
3.304990e+01
3.305520e+01
3.306554e+01
3.305515e+01
3.305528e+01
3.305585e+01
3.305706e+01
3.305414e+01
3.305552e+01
3.305393e+01
3.305449e+01

First Drift
1.419103e-04
1.387317e-04
1.370916e-04
1.376821e-04
1.410814e-04
1.360010e-04
1.388108e-04
1.377808e-04
1.384206e-04
1.376010e-04
1.381021e-04
1.389608e-04
1.292415e-04
1.273006e-04
1.302622e-04
1.350511e-04
1.327610e-04
1.371708e-04
1.422204e-04
1.358110e-04
1.376206e-04
1.561325e-04
1.328913e-04
1.350306e-04
1.366008e-04

Compute Force
3.305808e+01
3.305526e+01
3.305619e+01
3.306115e+01
3.305262e+01
3.306218e+01
3.305214e+01
3.305421e+01
3.306361e+01
3.305506e+01
3.305037e+01
3.305975e+01
3.305302e+01
3.305118e+01
3.304951e+01
3.305480e+01
3.306513e+01
3.305473e+01
3.305484e+01
3.305544e+01
3.305666e+01
3.305372e+01
3.305510e+01
3.305354e+01
3.305409e+01

Kick
1.421925e-04
1.423024e-04
1.389524e-04
1.386311e-04
1.367508e-04
1.369016e-04
1.405207e-04
1.372108e-04
1.382614e-04
1.344709e-04
1.368821e-04
1.282105e-04
1.334520e-04
1.287321e-04
1.278417e-04
1.269309e-04
1.279917e-04
1.262818e-04
1.321211e-04
1.283307e-04
1.290608e-04
1.258515e-04
1.292406e-04
1.284415e-04
1.284704e-04

Second Drift
1.039710e-04
8.672103e-05
8.897111e-05
8.524116e-05
8.552149e-05
8.497108e-05
8.524116e-05
8.529052e-05
8.510146e-05
8.733105e-05
8.566119e-05
9.888131e-05
1.005614e-04
9.980146e-05
9.702146e-05
9.728130e-05
9.706058e-05
9.790156e-05
9.664148e-05
9.923056e-05
9.578094e-05
9.993091e-05
1.008809e-04
9.563100e-05
9.692088e-05

--- Configuration ---
nsteps: 25
dt: 1.000000e-04
eps: 5.000000e-02
G: 1.000000e+00
mass: 1.000000e+00
energy_every: 1
energy_tol: 1.000000e-03
kernel_choice: rm4
kinetic0: 1.469728e+09
potential0: -2.934067e+09
max_relative_error: 2.264873e-07
PAPI Cycles
141538090552
141533949362
141536336899
141536074110
141533265546
141536503794
141532864979
141533557472
141536497560
141532756198
141533580956
141534996508
141537239282
141531144249
141527795106
141533308017
141535370715
141532519471
141535613483
141535918164
141532889691
141534008251
141536417280
141532035675
141533284137

PAPI Instructions
347507434867
347507433641
347507433643
347507433649
347507433637
347507433650
347507433639
347507433638
347507433648
347507433640
347507433635
347507433640
347507433639
347507433634
347507433634
347507433637
347507433654
347507433634
347507433643
347507433644
347507433640
347507433635
347507433638
347507433636
347507433640

PAPI L1 Misses
3756189965
3756197942
3756195038
3756200067
3756198999
3756199608
3756196222
3756189639
3756199607
3756195985
3756180536
3756199672
3756183820
3756180445
3756185076
3756186941
3756192805
3756197974
3756191612
3756180199
3756183377
3756185195
3756189677
3756188053
3756182448

PAPI L2 Misses
10615830
10686845
10649916
10611479
10662121
10575958
10672674
10635191
10596333
10619135
10673240
10645564
10650028
10639341
10645558
10628558
10548099
10652580
10640978
10681059
10608703
10651170
10673114
10681027
10671782

PAPI Vectorial DP
0
0
0
0
0
0
0
0
0
0
0
0
0
0
0
0
0
0
0
0
0
0
0
0
0

